p.ID	Chain	length	Atom_Con	Res_Cont	RCO	ACO	SRO	LRO	SR_per	MR_per	LR_per	LCO	NlCO	TCD
1MJK	A	103	5675	345	0.194	20.024	1.837	1.308	31.594	23.768	39.420	2.443	18.681	0.016457
1O3X	A	111	6415	407	0.104	11.510	2.589	0.991	47.174	24.079	27.273	2.894	11.681	0.004783
1LP1	A	54	3056	200	0.192	10.366	2.436	1.055	45.000	22.000	29.000	2.750	7.800	0.026777
1P7J	A	52	3479	183	0.202	10.525	2.245	1.057	39.891	25.137	30.601	2.765	8.230	0.028836
1J0P	A	107	4798	341	0.097	10.410	1.926	0.750	31.378	29.619	23.754	2.880	7.651	0.044153
1VF6	A	57	3018	173	0.092	5.242	2.655	0.293	58.382	30.636	9.827	3.653	2.098	0.005945
1G2X	A	119	7676	522	0.224	26.646	2.025	2.117	27.969	18.582	48.659	2.019	26.918	0.017569
1ZOQ	A	190	12196	785	0.183	34.844	1.204	2.738	17.707	11.592	66.624	1.275	34.372	0.008827
1GVN	A	87	5807	332	0.182	15.850	2.477	1.193	41.867	23.795	31.627	2.729	13.870	0.011622
1YBZ	A	75	4034	240	0.101	7.559	2.579	0.513	53.333	28.333	16.250	3.354	5.617	0.008830
2P5K	A	62	17110	295	0.223	13.841	2.333	2.048	27.458	22.373	43.729	2.234	12.973	0.049131
2QTI	A	66	3002	188	0.061	4.055	2.612	0.134	62.766	30.319	4.787	3.782	0.702	0.008465
1FEW	A	172	11291	699	0.104	17.972	2.936	1.075	47.067	25.608	26.609	2.979	18.060	0.001704
2DB7	A	56	2798	166	0.119	6.663	2.474	0.421	55.422	29.518	14.458	3.482	3.777	0.002770
1KU5	A	65	3366	216	0.106	6.904	2.409	0.803	45.370	28.241	24.537	3.120	4.926	0.009183
1ZKE	A	80	4632	276	0.143	11.432	2.469	0.864	47.826	24.638	25.362	2.989	10.315	0.009145
2E2A	A	103	6504	449	0.173	17.863	2.731	1.538	40.980	22.272	35.635	2.592	17.742	0.004623
2GSV	A	66	4089	235	0.183	12.048	2.388	1.015	45.957	22.128	28.936	2.770	10.847	0.016262
2NS0	A	83	4852	323	0.207	17.194	1.857	1.810	29.102	19.195	47.059	2.099	15.214	0.021400
1KU3	A	60	3556	222	0.171	10.262	2.607	0.787	42.342	29.279	21.622	3.144	7.167	0.040312
2J5Y	A	60	3920	215	0.138	8.287	2.393	0.984	41.860	26.047	27.907	2.851	6.651	0.023918
1HUU	A	89	3806	244	0.121	10.759	1.744	0.744	37.295	27.049	27.459	2.811	5.459	0.023951
1WAD	A	110	4930	361	0.105	11.505	1.928	0.883	33.795	25.485	27.147	2.715	8.227	0.040175
1OKS	A	53	2645	167	0.175	9.294	2.130	0.852	52.695	16.168	27.545	2.653	7.731	0.019547
1NO1	A	65	3243	207	0.191	12.401	2.015	1.076	44.928	19.324	34.300	2.594	10.087	0.007117
1V74	A	106	7001	426	0.162	17.170	1.888	1.785	27.700	19.718	44.836	2.120	14.507	0.028823
1LVF	A	105	6584	410	0.131	13.780	2.726	1.104	45.610	24.878	28.537	2.910	13.837	0.003471
1G73	A	156	9407	586	0.111	17.338	2.701	1.006	47.611	24.744	26.962	2.942	17.928	0.001623
1XEQ	A	88	5328	326	0.133	11.720	2.562	0.966	42.025	27.914	26.380	3.037	10.945	0.014897
2FZT	A	76	4364	254	0.097	7.344	2.649	0.623	52.756	27.559	18.898	3.283	5.413	0.003373
1FE5	A	119	7558	513	0.225	26.757	1.958	2.133	27.680	18.129	49.903	1.988	27.483	0.014722
1EZ3	A	123	7973	486	0.128	15.769	2.734	1.137	45.885	23.868	29.012	2.827	15.932	0.003902
1FS1	A	40	2232	134	0.213	8.536	2.341	0.805	45.522	26.119	24.627	3.142	5.978	0.032124
2H9D	A	93	4735	276	0.102	9.518	2.277	0.564	50.362	27.174	19.203	3.214	6.152	0.010186
1JLT	A	132	8300	549	0.239	31.516	2.000	1.955	29.872	18.579	47.359	2.069	27.179	0.012268
1LE6	A	122	7628	545	0.248	30.209	1.976	2.276	26.422	18.165	51.376	1.949	29.692	0.014542
2D8D	A	79	4359	249	0.081	6.379	2.612	0.412	53.012	30.924	13.253	3.502	4.024	0.010469
2GBO	A	80	3848	230	0.051	4.090	2.630	0.148	63.478	29.130	5.217	3.735	1.048	0.007468
1UJ8	A	72	4580	263	0.261	18.827	1.932	1.603	36.122	17.490	44.487	2.213	15.407	0.009383
1GUU	A	49	3098	167	0.198	9.724	2.240	0.960	41.916	25.150	28.743	2.862	7.144	0.029600
2PMR	A	75	5625	310	0.181	13.575	2.684	1.342	42.581	23.226	32.903	2.719	12.187	0.006925
1AIL	A	69	4244	261	0.174	12.000	2.643	0.986	45.211	25.670	26.437	2.912	10.226	0.014286
2F23	A	153	9460	606	0.173	26.463	1.727	2.045	26.568	17.327	51.980	1.896	27.079	0.010541
2AHM	A	76	4333	284	0.131	9.918	2.623	0.961	45.423	25.704	26.056	2.951	8.613	0.012987
1WRD	A	97	6228	392	0.147	14.259	2.633	1.316	43.622	22.194	32.908	2.679	15.135	0.004894
2GOM	A	60	4044	230	0.194	11.623	2.443	1.213	43.043	21.739	32.174	2.643	9.617	0.018543
1OAI	A	58	3729	222	0.173	10.041	2.475	1.017	40.090	25.676	27.027	2.815	7.005	0.045964
1JHF	A	196	11349	758	0.115	22.555	1.360	2.223	19.261	16.095	57.784	1.621	22.583	0.013425
1TAF	A	67	3432	224	0.091	6.078	2.529	0.676	49.107	27.679	20.536	3.219	3.969	0.012760
1B67	A	67	3267	220	0.116	7.744	2.353	0.794	47.273	25.455	24.545	3.009	5.191	0.012760
2FCW	A	105	7194	405	0.126	13.189	2.736	1.028	46.420	25.185	26.914	2.946	12.237	0.005162
2VE8	A	66	3652	236	0.194	12.795	1.985	1.299	33.475	22.881	36.864	2.462	11.199	0.036534
1GXQ	A	104	6749	402	0.161	16.771	1.895	1.638	28.607	20.896	42.786	2.221	16.159	0.028027
1QSD	A	101	6195	366	0.141	14.252	2.588	0.961	48.634	23.497	26.776	2.902	13.019	0.003845
2NN4	A	61	3921	227	0.170	10.366	2.435	1.145	40.529	25.991	31.278	2.824	9.925	0.012747
1OPC	A	98	6388	397	0.171	16.749	1.879	1.788	25.189	21.662	44.584	2.136	17.398	0.034078
1A7W	A	67	3519	225	0.116	7.745	2.382	0.868	46.222	25.778	26.222	3.013	5.560	0.008651
2VQC	A	69	4126	247	0.217	14.954	1.943	1.357	34.413	20.648	38.462	2.352	12.227	0.032857
2CJJ	A	62	3636	214	0.149	9.217	2.381	0.794	42.523	27.570	23.364	2.991	5.883	0.036281
2OO2	A	75	5527	307	0.194	14.575	2.592	1.355	41.368	22.801	33.550	2.655	12.121	0.012119
2IB0	A	141	8752	599	0.158	22.212	2.423	1.718	36.895	20.534	40.735	2.384	22.165	0.005455
1W53	A	83	6255	310	0.124	10.333	2.667	0.952	46.129	26.129	25.806	3.016	8.206	0.008503
1Q08	A	93	4878	296	0.069	6.412	2.511	0.553	52.027	27.703	17.568	3.287	3.990	0.009393
1IG5	A	74	4668	291	0.178	13.187	2.307	1.333	37.113	22.337	34.364	2.546	11.364	0.031822
1VKU	A	84	4930	298	0.167	14.045	2.129	1.294	39.597	21.141	36.913	2.510	12.228	0.009689
1JIA	A	132	8155	530	0.229	30.180	1.910	1.910	29.245	18.679	47.925	2.043	26.498	0.011250
1HBK	A	88	5994	327	0.203	17.892	2.236	1.371	40.673	20.183	37.309	2.483	16.694	0.007575
2BNM	A	193	12537	738	0.127	24.421	1.392	2.237	21.545	15.041	58.808	1.617	22.554	0.009114
1Y0U	A	88	5338	310	0.127	11.140	2.270	1.067	42.903	22.258	30.645	2.690	10.190	0.015655
1L9L	A	73	21863	397	0.227	16.588	2.757	2.351	30.479	20.907	43.829	2.257	16.363	0.034879
1HB6	A	85	5558	316	0.222	18.866	2.174	1.465	39.873	19.304	39.873	2.405	17.468	0.004056
2OH3	A	151	9404	559	0.152	22.886	2.158	1.428	40.608	18.068	38.819	2.342	21.710	0.005064
1X79	A	88	5082	328	0.147	12.892	2.416	1.191	44.817	20.732	32.317	2.637	13.131	0.008964
1IJX	A	124	6922	487	0.160	19.787	1.664	2.080	28.131	14.579	53.388	1.786	19.694	0.012032
1H3L	A	74	4815	292	0.162	11.955	2.560	1.187	44.178	21.575	30.479	2.664	9.928	0.019022
2I5U	A	76	5438	306	0.164	12.448	2.519	1.338	39.216	24.183	33.660	2.680	11.095	0.015180
2A6C	A	75	3573	229	0.183	13.697	1.882	0.987	42.358	20.087	32.751	2.546	11.607	0.019564
1XMA	A	102	6529	382	0.151	15.447	2.291	1.252	37.696	24.084	33.770	2.654	13.223	0.015082
2OIE	A	101	5049	305	0.116	11.680	2.294	0.618	50.492	26.230	20.656	3.151	9.515	0.007593
1K04	A	141	7426	480	0.074	10.501	2.542	0.810	50.833	24.375	23.958	3.048	10.304	0.001934
1Y4L	A	132	8739	561	0.235	31.013	1.917	2.105	27.629	17.825	49.911	1.964	27.601	0.012946
1JI7	A	76	4902	288	0.158	12.011	2.117	1.481	36.111	20.486	39.583	2.413	12.188	0.018384
2VLQ	A	83	5305	309	0.213	17.644	2.155	1.369	36.246	22.330	37.217	2.495	15.078	0.017857
1SCF	A	130	6484	432	0.223	28.998	1.649	1.603	35.417	14.583	48.611	1.991	26.481	0.003321
1Y02	A	94	5352	330	0.125	11.754	1.916	1.326	32.121	23.030	38.182	2.479	9.491	0.023047
1L8R	A	100	6053	398	0.192	19.200	1.881	1.832	27.638	20.101	46.482	2.108	19.060	0.022351
2FQ3	A	84	5637	339	0.181	15.186	2.224	1.553	33.923	21.829	38.938	2.401	13.965	0.024360
2Z3Q	A	118	7050	453	0.249	29.409	1.866	1.908	34.437	14.570	50.110	1.951	27.338	0.002754
1R7J	A	89	5702	344	0.121	10.763	2.511	1.133	40.407	25.291	29.651	2.791	10.041	0.019259
1K40	A	125	8237	558	0.137	17.185	2.825	1.548	42.115	21.685	34.946	2.629	18.943	0.004283
1N69	A	77	4363	291	0.137	10.536	2.718	0.846	47.423	25.430	22.680	3.048	10.392	0.021368
2OUF	A	79	4247	258	0.118	9.340	2.600	0.537	55.039	25.581	16.667	3.248	8.864	0.010781
1ETE	A	133	8629	563	0.268	35.604	1.799	2.336	29.840	12.966	55.595	1.746	36.057	0.004901
1VL9	A	122	9086	533	0.216	26.402	2.000	2.138	27.392	18.762	49.343	2.004	27.338	0.015864
2GRR	A	156	10697	663	0.149	23.183	1.739	2.261	24.284	16.893	53.544	1.822	24.489	0.014118
1P7O	A	123	8134	539	0.234	28.799	1.976	2.169	27.644	17.811	49.907	1.957	28.388	0.016259
2ESH	A	113	7432	418	0.122	13.734	2.228	1.298	37.560	23.206	35.407	2.579	13.840	0.012158
1VMG	A	81	4986	279	0.154	12.506	2.500	0.817	48.029	25.448	24.014	3.014	9.753	0.010113
1BEA	A	115	7043	500	0.163	18.752	2.224	1.905	29.400	22.200	44.200	2.340	19.138	0.015532
1MC2	A	133	9135	554	0.240	31.905	1.843	2.097	27.798	16.787	50.722	1.906	28.025	0.012698
2O6K	A	71	4706	267	0.225	15.953	2.097	1.500	38.577	17.978	40.449	2.277	13.184	0.015239
2HUJ	A	124	8609	510	0.177	21.990	2.464	1.560	41.765	18.627	38.235	2.406	20.790	0.004288
2O38	A	88	4336	286	0.153	13.468	2.000	1.056	39.860	22.378	32.867	2.622	12.668	0.017675
2RH3	A	120	8002	494	0.226	27.086	2.000	1.975	30.972	18.016	48.381	2.065	28.362	0.008538
2BJ7	A	136	7243	450	0.153	20.790	1.613	1.555	30.000	19.111	47.333	2.133	21.036	0.008525
1CNT	1	176	10715	658	0.193	34.056	2.141	1.542	37.538	20.061	41.489	2.365	30.796	0.001979
2EFV	A	81	5000	307	0.289	23.409	1.732	1.976	31.922	14.332	52.769	1.870	22.850	0.004610
1I4Y	A	112	8513	493	0.181	20.295	2.451	1.805	36.308	19.878	41.379	2.318	20.308	0.009319
2OD5	A	90	5021	299	0.158	14.242	1.791	1.352	34.114	20.401	41.137	2.318	13.314	0.015940
1A62	A	123	7181	473	0.145	17.793	1.597	1.984	24.313	17.548	52.008	1.865	17.400	0.018991
2QYP	A	77	4099	266	0.145	11.173	2.551	0.782	50.752	24.060	22.932	3.015	10.504	0.010026
2IM8	A	121	7703	491	0.160	19.375	2.475	1.492	41.955	19.552	37.067	2.460	20.281	0.004703
1KSO	A	92	5798	352	0.165	15.205	2.258	1.398	39.773	19.886	36.932	2.443	13.310	0.013412
1Y7Y	A	68	4060	263	0.177	12.058	2.362	1.232	39.163	22.814	32.319	2.620	10.586	0.032346
1ZLB	A	121	8814	542	0.248	29.997	2.016	2.254	27.675	17.712	50.738	1.969	27.786	0.013908
1XMK	A	78	5241	299	0.147	11.457	2.304	1.304	35.452	25.418	34.448	2.702	10.585	0.022593
1Z3E	A	118	7315	437	0.202	23.837	1.773	1.731	28.604	19.680	47.140	2.144	23.556	0.014476
2P06	A	82	5139	271	0.134	11.013	2.373	0.819	52.030	20.664	25.092	2.915	9.022	0.008274
2OY9	A	83	5173	310	0.180	14.938	2.262	1.298	37.097	24.194	35.161	2.613	13.748	0.015164
1UP9	A	106	4882	325	0.093	9.877	1.907	0.729	32.308	30.462	24.000	2.991	7.785	0.037296
2RLD	A	115	8427	481	0.135	15.559	2.578	1.483	41.164	20.998	35.759	2.524	16.062	0.006540
1E8A	A	86	5433	344	0.125	10.747	2.621	1.103	40.988	25.291	27.907	2.849	9.067	0.026291
1K8U	A	88	5316	319	0.153	13.445	2.326	1.112	42.320	22.571	31.034	2.705	10.781	0.016033
3EJB	A	77	4295	271	0.172	13.233	2.128	1.192	38.007	23.247	34.317	2.598	11.661	0.020217
1I77	A	106	4530	316	0.095	10.067	1.850	0.720	31.962	30.696	24.367	3.006	7.877	0.035724
1A7D	A	117	12154	563	0.177	20.765	2.737	1.915	33.393	23.979	40.142	2.494	21.297	0.010342
1H7C	A	102	6347	380	0.143	14.551	2.485	1.155	46.579	20.789	31.316	2.687	14.826	0.003770
2BUO	A	84	4635	290	0.141	11.824	2.059	1.212	39.310	21.034	35.517	2.552	11.483	0.016886
1U84	A	80	5091	337	0.178	14.264	2.457	1.568	39.169	19.881	37.685	2.424	12.279	0.016461
1YXL	A	119	7802	522	0.218	25.977	2.100	2.075	28.736	19.540	47.701	2.130	25.887	0.014444
1J55	A	93	4941	319	0.121	11.244	2.415	0.777	44.201	26.959	22.884	3.038	6.903	0.021390
2PQ3	A	73	5309	280	0.180	13.123	2.284	1.311	37.857	22.500	34.643	2.586	11.771	0.026114
2CO5	A	91	6227	353	0.176	15.987	2.250	1.435	35.977	22.663	37.394	2.527	13.921	0.016422
2HTS	A	91	5301	298	0.189	17.155	1.587	1.467	31.208	17.785	45.302	2.101	14.527	0.020203
2BL8	A	99	5537	346	0.134	13.298	2.170	1.180	39.017	23.699	34.104	2.642	11.931	0.011100
2CKX	A	82	5903	335	0.163	13.379	2.398	1.482	37.612	21.791	36.716	2.513	12.582	0.019161
1I27	A	72	4554	256	0.209	15.016	1.904	1.397	32.422	21.875	39.844	2.352	13.207	0.028711
1MQV	A	122	7115	502	0.143	17.496	2.390	1.618	39.442	19.124	39.641	2.384	17.588	0.005684
1YCQ	A	87	5324	337	0.204	17.749	1.955	1.693	29.970	21.068	44.214	2.255	16.116	0.020790
2G58	A	132	9864	523	0.234	30.920	1.872	1.880	28.489	19.120	47.801	2.044	26.855	0.012268
1TQG	A	104	57450	644	0.190	19.790	3.343	2.629	28.882	25.621	42.857	2.470	18.281	0.015601
1QX2	A	74	5100	309	0.182	13.489	2.467	1.360	35.922	23.948	33.010	2.628	11.434	0.038222
1F80	A	117	7542	496	0.210	24.553	1.729	2.271	23.790	17.339	54.032	1.821	25.103	0.017380
2J9U	A	93	6214	390	0.176	16.394	2.468	1.617	38.462	21.026	38.974	2.446	15.926	0.006790
1EXZ	A	135	7852	543	0.212	28.659	1.912	1.993	32.044	15.838	49.908	1.963	31.151	0.005677
1VIP	A	132	8006	517	0.226	29.888	1.947	1.759	30.561	19.536	45.261	2.135	25.207	0.012268
2GF4	A	87	4541	286	0.119	10.348	2.352	0.795	50.699	21.678	24.476	2.930	7.895	0.011622
1RFY	A	88	5269	323	0.195	17.198	2.528	1.079	44.892	24.768	29.721	2.895	16.365	0.002777
1ETX	A	88	3875	244	0.085	7.495	2.157	0.427	49.180	29.508	15.574	3.316	4.295	0.015781
1BM9	A	119	10599	485	0.163	19.393	2.242	1.667	34.021	21.443	41.237	2.361	20.703	0.010972
2PSM	A	116	7516	480	0.250	28.952	2.068	1.991	33.958	16.458	48.542	2.052	28.050	0.003580
1R5Q	A	97	5817	352	0.147	14.255	2.337	1.122	44.318	20.739	31.250	2.591	11.625	0.011141
1SBX	A	105	6284	383	0.178	18.655	1.755	1.679	29.504	19.060	46.475	2.097	18.906	0.016376
1FW4	A	64	3784	241	0.187	11.971	2.385	1.062	38.589	25.726	28.631	2.793	9.378	0.040237
1YNR	A	79	4387	306	0.205	16.222	2.112	1.400	32.353	22.876	36.601	2.464	13.216	0.038437
1I2T	A	60	3623	234	0.163	9.800	2.623	1.098	44.017	24.359	28.632	2.868	7.880	0.019887
2OBP	A	80	4211	291	0.172	13.746	2.037	1.383	35.395	21.306	38.488	2.412	12.636	0.021033
1S8I	A	132	8281	518	0.220	28.998	1.872	1.820	28.185	19.884	46.718	2.087	25.608	0.013963
2GSC	A	116	7633	496	0.138	16.064	2.692	1.470	41.734	21.774	34.677	2.627	14.688	0.005625
1U9P	A	100	6375	382	0.162	16.208	2.188	1.366	34.555	23.298	36.126	2.510	13.440	0.023037
2QSB	A	84	7925	332	0.123	10.302	2.400	1.353	43.072	18.373	34.639	2.479	13.054	0.017993
1T8K	A	76	4613	292	0.183	13.876	2.221	1.429	36.301	22.260	37.671	2.479	12.599	0.018890
1FSE	A	66	4042	251	0.173	11.389	2.358	1.149	37.450	25.498	30.677	2.729	10.570	0.035643
1ORJ	A	125	8736	535	0.172	21.528	2.556	1.611	40.935	19.252	37.944	2.430	21.079	0.006173
2F3N	A	64	4331	250	0.160	10.220	2.354	1.369	39.600	21.600	35.600	2.584	10.004	0.018698
2AXI	A	91	6610	366	0.195	17.706	2.000	1.761	29.781	20.492	44.262	2.208	17.169	0.023629
1GMZ	A	121	7739	499	0.222	26.907	1.951	1.951	29.259	18.437	47.695	2.054	26.190	0.014579
1N1J	A	86	4511	284	0.091	7.813	2.437	0.724	48.239	26.408	22.183	3.088	4.930	0.011626
1MH8	A	119	7374	503	0.218	25.891	2.017	2.000	28.827	19.284	47.714	2.117	25.845	0.014375
2QZG	A	87	4981	323	0.136	11.845	2.273	1.273	42.105	19.814	34.675	2.533	12.115	0.014334
2IPQ	X	132	8039	465	0.217	28.640	1.511	1.820	24.946	18.280	52.043	1.916	24.363	0.012154
1S35	A	210	13626	863	0.090	18.897	2.706	1.336	43.917	22.248	32.677	2.679	18.524	0.002291
1Q0G	A	116	7774	489	0.154	17.852	2.624	1.453	40.491	22.290	34.765	2.595	16.818	0.008474
1C6R	A	87	5237	340	0.180	15.688	2.409	1.125	34.412	27.941	29.118	2.824	13.871	0.037190
1NNQ	A	169	10211	639	0.072	12.243	2.453	1.129	39.437	25.822	30.047	2.790	9.307	0.010311
1R1U	A	93	5264	345	0.123	11.451	2.287	1.181	38.261	24.058	32.174	2.635	10.959	0.021390
2PIH	A	122	6896	404	0.089	10.918	2.667	0.569	53.713	27.475	17.327	3.300	8.287	0.003834
1JR8	A	104	6386	412	0.155	16.118	2.381	1.429	38.350	22.330	36.408	2.546	15.102	0.010522
2O35	A	78	4742	256	0.102	7.947	2.392	0.696	46.094	27.734	21.484	3.137	6.191	0.019548
1XK4	A	86	5655	335	0.124	10.652	2.552	1.080	41.194	25.075	28.060	2.848	8.454	0.024838
1CNO	A	85	4549	346	0.231	19.621	2.186	1.651	35.260	19.075	41.040	2.306	18.711	0.021092
2CWY	A	92	6297	386	0.145	13.300	2.559	1.387	38.860	22.798	33.420	2.611	10.878	0.021852
1BZ4	A	143	10374	616	0.154	22.057	2.729	1.500	41.558	22.240	35.065	2.631	20.703	0.003376
1LRW	A	599	46900	3321	0.129	77.275	1.217	4.025	11.804	10.178	72.719	1.046	83.380	0.004853
1A8O	A	68	3718	226	0.158	10.771	1.986	1.130	41.150	19.469	34.513	2.496	10.080	0.021634
1TJO	A	179	10832	739	0.123	22.105	2.317	1.689	36.265	20.162	41.137	2.344	24.126	0.005525
1HXI	A	111	6614	436	0.127	14.135	2.304	1.455	40.367	18.807	37.385	2.390	11.122	0.012038
1TJC	A	94	6529	399	0.121	11.360	2.547	1.516	37.343	23.308	36.090	2.571	9.439	0.014294
1N62	A	160	10396	723	0.134	21.444	1.888	2.366	25.450	16.598	52.697	1.828	21.566	0.014428
1WLZ	A	84	5946	340	0.208	17.436	2.329	1.529	34.706	23.529	38.235	2.515	15.071	0.016886
1Q8D	A	107	6068	398	0.212	22.647	2.130	1.398	36.935	20.854	37.940	2.437	17.503	0.013546
1R1T	A	97	5137	331	0.117	11.365	2.204	0.980	38.973	26.284	29.003	2.816	9.943	0.019679
2FJC	A	150	10757	658	0.142	21.360	2.576	1.715	37.234	21.884	39.362	2.476	22.254	0.004342
1UZ3	A	101	5821	371	0.148	14.969	2.363	1.245	41.779	23.181	34.232	2.709	12.652	0.002980
2B5A	A	76	4906	295	0.170	12.927	2.416	1.221	38.305	24.746	31.864	2.698	12.166	0.025974
1BK9	A	133	11596	578	0.235	31.257	2.104	2.030	28.720	20.069	47.059	2.123	26.683	0.012141
1VYD	A	115	6506	454	0.186	21.343	1.802	1.940	29.295	16.740	49.559	1.969	20.727	0.015012
2I15	A	128	6772	409	0.066	8.409	2.341	0.674	46.699	27.139	21.271	3.105	5.227	0.011718
1S3Q	A	161	10621	634	0.162	26.063	2.241	1.586	40.852	16.404	40.536	2.249	23.844	0.005296
2Q4P	A	112	6012	365	0.101	11.328	2.442	0.690	48.767	26.849	21.370	3.153	9.548	0.008536
2PPX	A	60	4140	223	0.153	9.209	2.525	0.934	41.256	27.803	25.561	3.004	7.650	0.033324
1GU2	A	123	7600	485	0.200	24.660	2.081	1.581	31.134	22.062	40.412	2.342	23.751	0.020226
1OQC	A	111	7166	436	0.135	14.949	2.420	1.321	37.844	24.312	33.945	2.665	13.041	0.013233
1NZE	A	111	7441	492	0.135	14.992	2.589	1.714	39.228	19.715	39.024	2.415	16.628	0.007972
1BKR	A	107	7342	467	0.167	17.879	2.259	1.944	33.619	18.630	44.968	2.186	16.195	0.011145
1NOG	A	148	11519	700	0.165	24.421	2.503	2.087	33.714	19.571	44.429	2.223	26.467	0.007027
3D7C	A	110	7314	457	0.153	16.795	2.441	1.532	37.418	21.882	37.199	2.508	16.501	0.012661
2FMM	E	117	5820	370	0.128	14.967	2.068	1.042	41.351	24.595	33.243	2.768	12.541	0.002226
1KR7	A	109	6472	433	0.149	16.273	2.445	1.391	40.185	21.940	35.335	2.594	16.028	0.009256
1NFN	A	141	9276	558	0.150	21.184	2.577	1.303	42.473	23.118	33.154	2.706	17.833	0.003472
1PK3	A	75	4819	297	0.146	10.945	2.355	1.395	38.047	22.222	35.690	2.589	9.579	0.020949
1YUZ	A	201	14677	943	0.163	32.756	2.149	2.371	28.420	17.603	50.795	1.960	34.978	0.007107
2FUP	A	128	8434	525	0.154	19.679	2.581	1.395	42.286	21.143	34.286	2.596	19.450	0.007031
1E29	A	134	8747	554	0.190	25.463	2.089	1.748	29.242	21.661	42.599	2.285	25.202	0.019753
1B4F	A	73	4629	263	0.133	9.695	2.297	1.095	40.304	24.335	30.798	2.715	8.460	0.021731
2OFY	A	81	3921	265	0.140	11.315	2.073	1.049	41.887	22.264	32.453	2.642	11.098	0.013385
1ZTD	A	124	7472	546	0.166	20.529	2.432	1.840	36.630	19.048	42.125	2.308	21.463	0.007552
1I8O	A	112	6963	471	0.179	20.052	2.088	1.885	31.423	18.684	45.223	2.178	20.550	0.016838
1BG7	A	172	10205	653	0.131	22.586	2.185	1.503	36.294	21.593	39.816	2.427	20.847	0.005079
1JIG	A	145	10325	660	0.148	21.520	2.568	1.884	36.061	20.758	41.667	2.370	24.547	0.004738
1RR7	A	93	4856	290	0.075	7.014	2.404	0.564	50.345	27.586	18.276	3.252	4.252	0.012675
1JMW	A	145	9347	618	0.139	20.212	2.582	1.596	41.262	19.741	37.702	2.471	20.002	0.003753
2PY8	A	119	6681	421	0.073	8.700	2.733	0.717	50.831	27.078	20.428	3.192	7.411	0.005278
1LFM	A	102	6751	419	0.195	19.895	1.913	1.854	28.640	18.377	45.585	2.041	18.236	0.029786
1AX8	A	143	8215	549	0.186	26.609	2.007	1.701	34.244	18.397	44.627	2.173	27.927	0.007427
2D1H	A	106	5726	368	0.130	13.828	2.056	1.224	39.946	19.837	35.598	2.486	12.989	0.014062
1IO3	A	106	6559	420	0.203	21.488	1.822	1.822	28.333	18.095	46.429	2.024	20.226	0.026465
1UUJ	A	75	4075	227	0.100	7.482	2.421	0.539	55.507	25.551	18.062	3.278	4.767	0.003463
2Q91	A	95	5772	358	0.123	11.707	2.521	1.010	42.179	25.419	27.095	2.897	9.011	0.020291
2PEO	A	114	6261	391	0.072	8.242	2.661	0.661	52.430	25.831	19.437	3.176	6.514	0.006276
1U9L	A	67	4146	258	0.155	10.358	2.382	1.235	39.147	23.643	32.558	2.647	8.748	0.026600
1UCR	A	73	4295	263	0.166	12.119	2.149	1.216	37.262	23.194	34.221	2.601	10.251	0.026114
1WUD	A	76	4023	256	0.190	14.427	2.117	1.104	46.094	17.578	33.203	2.516	10.477	0.013830
1U5P	A	210	17432	894	0.097	20.304	2.744	1.436	41.834	22.931	33.893	2.670	19.198	0.002785
2Q3T	A	120	7934	470	0.226	27.179	1.992	1.826	34.043	17.234	47.021	2.123	26.802	0.005464
1NZ6	A	97	5982	365	0.180	17.502	2.031	1.551	38.082	16.438	41.644	2.181	16.025	0.014369
2ETS	A	114	7668	465	0.167	19.072	2.417	1.557	41.290	18.495	38.495	2.398	19.041	0.006125
1ED1	A	113	7082	479	0.140	15.822	2.316	1.649	32.985	22.129	39.248	2.405	15.520	0.020468
1EI7	A	157	10302	628	0.221	34.700	2.051	1.880	33.758	17.834	47.293	2.131	31.613	0.002724
1MN8	A	94	6782	388	0.189	17.786	2.326	1.589	34.021	22.938	38.918	2.487	16.106	0.018283
2GYQ	A	168	13021	708	0.139	23.411	2.414	1.704	37.853	19.774	40.678	2.356	24.833	0.004061
1L3P	A	101	6248	426	0.150	15.191	2.647	1.412	42.019	21.362	33.803	2.648	14.383	0.011630
2E9X	A	143	8739	561	0.108	15.499	2.528	1.292	42.068	22.816	33.155	2.708	14.715	0.005257
1YYV	A	113	6010	370	0.123	13.903	2.018	1.018	38.919	23.243	31.351	2.662	11.051	0.016774
2B8U	A	128	8636	547	0.221	28.234	2.178	2.023	33.638	17.733	47.715	2.108	29.739	0.003065
2GS4	A	157	10503	695	0.137	21.489	2.652	1.671	38.993	21.295	37.986	2.486	22.416	0.004607
2ETD	A	184	8102	514	0.143	26.220	1.708	1.011	43.580	17.899	36.381	2.436	19.854	0.002659
1TZY	A	105	4967	339	0.084	8.840	2.132	0.943	41.298	25.369	29.499	2.841	6.581	0.011303
1AVS	A	80	4775	303	0.185	14.768	2.407	1.123	39.604	24.752	30.033	2.782	12.703	0.025911
1DW0	A	111	6387	454	0.217	24.142	2.152	1.679	30.837	22.247	41.410	2.355	22.489	0.019850
2PG4	A	90	6071	367	0.177	15.898	2.242	1.604	34.060	21.526	39.782	2.387	16.256	0.021012
2OOC	A	103	6504	428	0.160	16.461	2.606	1.375	41.121	22.196	33.411	2.610	14.530	0.012944
1JDL	A	117	7212	481	0.190	22.257	1.924	1.941	30.769	16.424	47.609	2.006	22.412	0.018026
2ICT	A	92	4146	266	0.123	11.345	2.032	0.688	48.120	22.932	24.060	2.887	7.921	0.014799
2J8W	A	128	7900	539	0.147	18.763	2.473	1.628	38.961	20.223	38.961	2.434	18.045	0.005889
3LYN	A	121	8699	514	0.193	23.369	2.549	1.639	38.521	21.984	38.911	2.535	22.767	0.001948
1M6T	A	105	7002	466	0.156	16.359	2.575	1.745	38.627	19.957	39.700	2.416	17.024	0.006764
1GDV	A	84	5008	326	0.182	15.270	2.447	1.071	36.810	26.994	27.914	2.834	13.518	0.036817
1WRK	A	81	4891	307	0.170	13.732	2.476	1.061	41.042	25.081	28.339	2.860	11.593	0.025431
1I5N	A	127	8149	500	0.130	16.458	2.414	1.414	42.600	19.200	36.200	2.488	15.080	0.006042
1QN2	A	98	5379	374	0.193	18.881	1.879	1.677	30.749	18.984	44.385	2.182	18.246	0.022039
1LS9	A	90	5605	351	0.174	15.650	2.473	1.033	35.328	28.775	26.781	2.892	13.057	0.038160
1F1C	A	128	8378	540	0.165	21.140	2.287	1.597	31.111	23.519	38.148	2.470	21.209	0.023376
1DPS	A	158	10511	697	0.147	23.230	2.396	1.862	35.725	18.938	42.468	2.238	24.601	0.007713
1J30	A	140	9035	551	0.080	11.174	2.773	1.007	44.465	26.497	25.771	2.975	8.898	0.008903
1GS9	A	143	10330	610	0.149	21.258	2.729	1.479	41.639	22.787	34.918	2.670	20.505	0.002025
1G8Q	A	89	5300	351	0.165	14.711	2.289	1.467	37.607	21.083	37.607	2.459	13.274	0.015679
1X2I	A	67	4002	244	0.133	8.936	2.265	1.103	37.705	25.410	30.738	2.730	7.566	0.032872
2LIS	A	130	8973	522	0.190	24.695	2.366	1.580	38.123	21.264	39.655	2.490	24.366	0.002855
1Z21	A	103	6454	388	0.155	15.998	2.192	1.442	38.660	20.103	38.660	2.430	13.307	0.008229
1EUM	A	160	11428	718	0.146	23.389	2.615	1.770	38.022	20.613	39.694	2.411	24.365	0.004668
2FKZ	A	154	11938	719	0.150	23.111	2.626	1.929	36.022	20.584	41.586	2.355	24.214	0.005453
2AP3	A	195	12512	759	0.097	19.001	2.582	1.245	44.137	22.530	32.148	2.713	19.598	0.002343
2O3L	A	82	4315	265	0.158	12.934	2.048	1.072	45.283	18.868	33.585	2.551	10.974	0.007113
1X91	A	148	9809	660	0.137	20.233	2.564	1.792	37.879	20.000	40.455	2.379	21.758	0.004910
1JI5	A	141	10261	653	0.141	19.940	2.627	1.908	35.988	21.133	41.501	2.397	23.349	0.004463
1FFV	A	154	9475	680	0.138	21.310	1.897	2.290	26.765	16.471	52.206	1.868	21.504	0.012612
1ALU	A	165	10598	691	0.175	28.931	2.325	1.747	35.745	20.116	41.968	2.331	31.630	0.005552
1M8T	A	123	7644	529	0.221	27.161	2.000	2.032	27.599	19.282	47.637	2.060	25.110	0.018145
1Z7U	A	110	6246	347	0.115	12.625	2.081	0.928	44.669	21.902	29.683	2.735	9.816	0.010795
1S7Z	A	104	5772	367	0.208	21.608	1.990	1.467	41.144	15.804	41.962	2.229	19.087	0.003628
1SJ7	A	166	9598	719	0.150	24.916	2.533	1.689	39.082	19.750	39.221	2.395	26.140	0.005020
1VJX	A	148	10448	621	0.153	22.593	2.295	1.819	37.681	17.391	43.639	2.233	23.829	0.003558
1QL3	A	98	5857	388	0.192	18.858	1.949	1.707	30.670	19.072	43.557	2.183	18.276	0.026324
3C1V	A	92	6039	356	0.124	11.412	2.591	1.032	41.573	26.124	26.966	2.910	8.938	0.021621
1O3U	A	125	7932	510	0.153	19.180	2.381	1.579	38.235	20.588	39.020	2.416	18.676	0.006866
2HKV	A	147	9878	614	0.178	26.226	2.230	1.818	35.505	18.241	43.811	2.231	27.627	0.006894
2CG4	A	148	7478	508	0.142	20.986	1.738	1.523	32.283	18.701	44.685	2.159	18.715	0.009909
2IAZ	A	111	5747	342	0.101	11.178	2.500	0.509	55.263	26.608	16.667	3.330	7.518	0.003906
1US7	A	206	14629	964	0.224	46.225	1.773	2.710	24.585	13.485	58.195	1.621	47.550	0.008355
1UTX	A	65	3778	240	0.235	15.261	2.091	1.303	35.000	22.500	35.833	2.462	13.033	0.037649
1G33	A	72	4064	271	0.180	12.925	2.274	1.164	38.007	23.247	31.365	2.675	10.011	0.037718
1FAZ	A	121	8322	520	0.149	18.038	2.320	1.828	36.154	18.269	42.885	2.260	16.513	0.009473
1VLG	A	163	12360	749	0.155	25.300	2.555	1.933	35.781	20.160	42.323	2.324	25.873	0.004796
1Q8C	A	139	8663	548	0.142	19.682	2.121	1.700	35.949	18.248	43.431	2.221	18.642	0.006888
1BUN	A	119	7841	512	0.220	26.132	2.017	2.042	28.125	19.141	47.852	2.057	26.746	0.017083
2HZT	A	96	4881	310	0.129	12.382	1.918	1.134	41.613	18.387	35.484	2.455	11.400	0.014773
2BW1	A	150	11920	682	0.149	22.352	2.510	1.914	34.897	20.674	42.375	2.331	24.400	0.006228
2O4T	A	89	4994	310	0.127	11.331	2.422	0.933	45.806	24.516	27.097	2.890	9.523	0.010000
2BK6	A	149	10955	667	0.155	23.064	2.513	1.813	35.682	20.840	40.780	2.360	24.225	0.007867
1UFB	A	126	8662	589	0.161	20.235	2.535	1.976	34.295	20.374	42.615	2.311	20.530	0.010168
1FK5	A	92	4566	346	0.191	17.579	2.011	1.656	35.838	18.208	44.509	2.228	17.110	0.005897
1MZB	A	133	7267	470	0.106	14.086	1.836	1.485	30.213	22.128	42.340	2.319	13.370	0.014034
1GQA	A	129	7274	524	0.142	18.351	2.469	1.446	39.313	21.947	35.878	2.561	17.609	0.008876
2ES9	A	99	5701	387	0.197	19.469	2.170	1.600	39.018	17.054	41.344	2.251	18.525	0.009800
2QW6	A	87	5126	375	0.153	13.304	2.568	1.568	38.667	21.600	36.800	2.528	12.899	0.012526
1V2Z	A	105	6816	410	0.148	15.493	2.453	1.330	42.439	20.976	34.390	2.598	15.110	0.008099
1B7V	A	70	3787	279	0.195	13.664	2.423	1.141	34.409	27.240	29.032	2.817	10.860	0.050784
1K9U	A	75	4304	218	0.064	4.832	2.461	0.224	53.670	32.110	7.798	3.647	1.170	0.024411
2F22	A	141	9724	557	0.180	25.315	2.127	1.641	36.266	17.953	41.831	2.241	25.303	0.010861
1KL9	A	179	11101	699	0.140	25.010	1.767	1.906	28.326	17.167	49.070	1.953	21.142	0.011852
1QLS	A	94	5700	359	0.113	10.644	2.600	0.905	42.618	26.184	23.955	2.953	8.117	0.027922
1Y6X	A	86	4654	303	0.160	13.738	2.448	0.920	46.535	23.762	26.403	2.891	11.488	0.013212
2HTN	A	157	11975	734	0.157	24.725	2.595	1.962	35.695	20.163	42.234	2.320	25.256	0.005648
2P6V	A	96	5104	326	0.147	14.109	2.113	1.165	45.092	17.791	34.663	2.497	13.862	0.007121
1NFV	A	168	12487	737	0.150	25.226	2.438	1.870	36.092	19.810	42.877	2.308	28.475	0.003151
1L8S	A	123	8038	540	0.215	26.414	2.024	2.121	28.704	17.778	48.704	2.006	26.944	0.016714
1LKP	A	189	13615	812	0.129	24.455	2.232	1.879	32.389	19.828	43.966	2.218	23.916	0.008532
1MID	A	90	5098	338	0.182	16.410	2.055	1.582	36.686	18.639	42.604	2.269	16.260	0.008815
2PEQ	A	108	6350	395	0.081	8.743	2.771	0.761	50.886	25.570	21.013	3.127	7.476	0.009090
1E6I	A	110	7388	456	0.154	16.974	2.423	1.541	37.500	21.491	37.500	2.496	16.570	0.012499
1AZS	A	189	12387	829	0.170	32.059	1.658	2.553	23.522	14.475	58.504	1.638	31.180	0.008116
2CYY	A	149	7168	461	0.142	21.223	1.613	1.307	33.623	18.872	42.516	2.213	18.208	0.010133
2I9C	A	120	7491	486	0.111	13.275	2.421	1.438	40.535	19.753	35.802	2.508	11.628	0.013319
3B9J	A	161	9324	673	0.145	23.266	1.728	2.216	26.003	15.602	53.343	1.805	23.474	0.012841
1DKZ	A	214	12830	877	0.110	23.592	1.637	2.279	25.086	15.051	55.872	1.727	23.860	0.007463
1CI4	A	87	5848	375	0.178	15.474	2.295	1.784	34.133	19.733	41.867	2.253	15.160	0.021307
1SFX	A	108	7035	374	0.134	14.420	2.046	1.239	37.701	21.925	36.096	2.489	15.005	0.013635
1RTY	A	160	10464	699	0.173	27.697	2.292	1.975	35.336	17.454	45.494	2.146	27.452	0.004475
2CFX	A	139	7470	462	0.131	18.246	1.714	1.429	30.952	20.996	43.290	2.266	16.102	0.011224
1O9R	A	161	10635	719	0.139	22.408	2.426	1.926	35.466	19.193	43.394	2.255	25.910	0.005220
1CUN	A	212	14236	887	0.094	19.906	2.779	1.329	43.856	22.886	31.905	2.714	17.921	0.002733
1Y9Q	A	177	11695	747	0.144	25.556	1.517	2.500	22.892	13.253	59.572	1.568	24.051	0.010163
1CTJ	A	88	5556	348	0.181	15.889	2.449	1.124	34.195	28.448	28.736	2.836	14.155	0.037495
1TJL	A	144	9257	558	0.114	16.486	2.434	1.303	39.247	24.014	33.871	2.688	16.455	0.007562
1KW4	A	69	3622	240	0.157	10.843	2.129	1.186	41.667	20.417	34.583	2.546	10.308	0.015306
1N1Q	A	148	10124	666	0.135	19.981	2.570	1.819	36.637	20.871	40.691	2.389	23.186	0.005450
1S4K	A	119	7324	418	0.118	14.101	2.233	1.092	40.670	23.445	31.340	2.708	12.005	0.013264
2HH6	A	110	6381	366	0.115	12.631	2.288	0.928	49.454	19.945	28.142	2.746	10.066	0.007467
1FHJ	A	140	8708	595	0.147	20.550	2.631	1.518	40.504	21.849	35.966	2.612	21.269	0.005131
1XD7	A	126	6310	430	0.122	15.379	2.079	1.165	39.070	22.326	34.419	2.570	14.337	0.011284
2F2E	A	141	6741	421	0.083	11.732	1.873	0.894	38.005	25.178	30.166	2.758	9.463	0.013936
1LNW	A	140	7831	476	0.099	13.912	2.255	0.972	44.118	22.689	28.782	2.763	12.964	0.010563
1OOH	A	125	9054	564	0.179	22.420	2.262	2.079	32.624	17.908	46.454	2.126	22.129	0.010645
2A0B	A	117	8200	497	0.156	18.273	2.686	1.458	41.650	22.133	34.608	2.638	17.004	0.005674
1PI1	A	184	12469	765	0.154	28.353	2.162	1.832	34.248	18.039	44.314	2.188	30.383	0.007480
3BES	L	132	6764	402	0.078	10.241	2.398	0.556	53.234	26.119	18.408	3.234	7.990	0.005088
1DOW	A	204	12323	800	0.074	15.065	2.634	1.180	46.500	21.000	30.250	2.701	13.859	0.004259
1JGS	A	137	7640	492	0.100	13.676	2.370	1.058	41.870	24.593	29.675	2.807	13.630	0.010187
1WU3	I	160	12380	741	0.226	36.163	2.435	2.099	35.493	17.409	45.614	2.148	36.429	0.004128
1DVO	A	151	9287	574	0.113	17.086	2.368	1.309	39.895	22.822	34.669	2.636	16.199	0.006492
2Q4F	A	142	9511	610	0.132	18.726	2.601	1.538	40.164	20.820	36.066	2.508	20.172	0.008264
1JHG	A	100	25910	399	0.082	8.182	2.901	0.842	43.108	30.326	21.303	3.213	5.882	0.020390
3D1K	A	141	9165	598	0.155	21.867	2.641	1.479	40.970	21.739	35.117	2.615	20.955	0.006646
2GA1	A	102	5745	328	0.092	9.411	2.223	0.748	44.512	25.305	23.476	2.954	7.311	0.020643
2FML	A	265	16924	1050	0.121	31.995	1.500	2.192	22.190	15.810	55.524	1.700	31.633	0.009512
1F1E	A	150	11009	644	0.162	24.331	2.272	1.907	34.938	18.323	44.720	2.214	25.880	0.005658
1B4A	A	145	8858	589	0.102	14.858	1.979	1.795	29.542	19.525	44.482	2.132	13.766	0.017921
1G8E	A	97	4724	307	0.098	9.552	2.357	0.673	47.231	28.013	21.498	3.195	7.717	0.010829
1EH6	A	176	10476	722	0.134	23.523	1.740	2.119	24.377	18.283	51.939	1.906	21.102	0.012544
2FSW	A	101	6352	348	0.134	13.520	2.010	1.245	38.506	20.402	36.494	2.486	13.052	0.015475
2ZA8	A	164	11594	745	0.134	21.977	2.618	1.812	36.644	21.342	40.134	2.420	23.756	0.005216
1B8L	A	107	6692	443	0.182	19.486	2.287	1.593	34.989	20.767	38.826	2.395	16.497	0.020662
2HR3	A	144	7246	474	0.094	13.548	2.359	0.793	46.203	25.949	24.262	3.017	10.546	0.007372
2O3F	A	81	4549	293	0.205	16.618	2.061	1.317	37.543	20.137	36.860	2.399	14.048	0.021416
2PYQ	A	113	6339	424	0.180	20.342	2.105	1.491	37.972	18.632	40.094	2.330	18.179	0.011003
2C8S	A	148	8780	610	0.189	27.993	2.007	1.826	30.000	19.016	44.590	2.143	27.359	0.017387
1MZ4	A	130	8770	558	0.160	20.819	2.267	1.702	29.749	23.477	39.964	2.403	22.939	0.022085
1S7O	A	105	7182	397	0.117	12.287	2.632	1.009	43.829	26.448	26.952	2.957	9.491	0.009968
2E1F	A	93	5669	370	0.157	14.575	2.298	1.500	36.216	22.162	38.108	2.481	13.203	0.015278
1VKE	A	117	7019	453	0.105	12.247	2.568	1.144	42.826	24.062	29.801	2.808	10.687	0.010916
1QNT	A	170	10096	716	0.139	23.620	1.789	2.187	24.721	18.017	52.235	1.897	22.063	0.012038
1F1M	A	161	9915	686	0.134	21.604	2.475	1.593	38.047	20.408	37.609	2.417	22.930	0.010174
1NIG	A	147	10838	637	0.155	22.822	2.372	1.791	35.793	19.309	41.601	2.281	22.713	0.008994
1CG5	A	140	8861	599	0.139	19.493	2.539	1.610	38.898	20.868	37.896	2.477	20.830	0.007142
1UX8	A	118	8044	486	0.147	17.340	2.462	1.513	38.683	21.605	37.037	2.521	16.909	0.008968
1WTY	A	115	7844	479	0.150	17.285	2.500	1.526	40.084	20.459	36.952	2.484	16.286	0.008918
1OKR	A	119	7365	430	0.107	12.675	2.308	1.100	38.372	26.047	30.698	2.781	11.847	0.014792
1SLM	A	234	21099	1138	0.139	32.609	1.911	2.711	22.496	16.960	55.975	1.764	33.344	0.009271
1WMG	A	89	4762	320	0.162	14.422	2.200	1.133	43.125	18.750	31.875	2.513	13.309	0.024444
1ZAV	A	177	11371	692	0.125	22.040	2.079	1.708	35.116	18.353	43.931	2.231	22.092	0.005713
1EFU	A	384	25279	1679	0.099	38.177	1.291	2.899	17.153	12.448	66.468	1.314	37.282	0.004405
1E85	A	123	7788	494	0.151	18.567	2.492	1.427	41.700	20.850	35.830	2.559	16.383	0.005073
2FBH	A	136	8343	501	0.107	14.525	2.328	1.197	41.317	22.355	32.735	2.661	14.760	0.009590
1B5L	A	163	10202	662	0.194	31.572	2.256	1.726	37.160	18.731	42.749	2.272	32.434	0.003346
1U2W	A	108	5846	381	0.111	11.969	2.349	0.972	40.945	26.247	27.822	2.850	10.262	0.015234
1O82	A	69	4201	283	0.212	14.610	2.529	1.343	38.516	24.028	33.216	2.682	12.353	0.023878
1YAR	A	220	15220	986	0.173	38.038	1.652	2.579	21.704	15.314	57.809	1.643	44.033	0.010258
1SD4	A	121	6916	407	0.097	11.697	2.156	0.975	41.278	23.342	29.238	2.713	11.211	0.016797
1RSS	A	144	9082	573	0.121	17.471	2.166	1.572	32.984	21.815	39.791	2.384	18.147	0.014554
1LJ9	A	143	8770	533	0.089	12.785	2.444	1.090	41.839	24.203	29.456	2.782	13.872	0.011815
2C2A	A	249	15888	990	0.108	26.809	1.864	1.996	30.000	17.071	50.404	1.980	26.980	0.004064
3DEU	A	139	7615	481	0.098	13.576	2.321	0.979	43.659	23.909	28.482	2.832	12.615	0.009082
1S3J	A	142	7007	452	0.092	13.070	2.182	0.846	48.894	20.133	26.770	2.768	10.865	0.009243
1VHB	A	143	7983	563	0.141	20.231	2.438	1.417	42.096	20.249	36.234	2.533	19.124	0.003472
1FIO	A	195	12795	781	0.107	20.869	2.643	1.281	43.150	23.175	32.138	2.718	20.859	0.003124
1SRA	A	150	10149	622	0.155	23.241	2.252	1.689	35.852	18.810	40.997	2.299	23.341	0.011798
2OEE	A	109	4418	271	0.084	9.163	2.018	0.391	57.196	24.723	15.867	3.280	5.590	0.004876
1MGT	A	168	11322	769	0.146	24.517	1.959	2.367	25.358	17.685	52.016	1.900	24.728	0.013445
1HSS	A	119	6699	469	0.171	20.376	1.975	1.783	31.983	18.550	45.629	2.147	17.733	0.012014
2PQR	A	97	6674	404	0.147	14.230	2.541	1.439	38.614	23.020	34.901	2.626	11.832	0.014890
1HUS	A	138	9122	539	0.128	17.674	2.115	1.511	34.508	20.037	38.961	2.345	17.609	0.018167
2OKU	A	121	7188	459	0.133	16.064	2.385	1.320	45.752	17.647	35.076	2.514	15.843	0.004501
1SED	A	111	7051	425	0.115	12.738	2.509	1.179	42.824	23.294	31.059	2.732	11.979	0.009407
1XGS	A	294	22002	1457	0.172	50.446	1.529	3.231	18.737	12.217	65.408	1.343	52.287	0.005987
1LRI	A	97	5550	379	0.167	16.156	2.163	1.571	34.565	21.372	40.633	2.383	16.127	0.013432
1H97	A	146	10233	654	0.151	22.010	2.537	1.776	37.462	19.572	39.908	2.370	22.468	0.009209
2CEI	A	171	12512	788	0.144	24.614	2.558	1.942	35.025	20.812	42.386	2.336	25.885	0.004732
1Q06	A	126	7156	427	0.071	8.939	2.362	0.858	43.326	26.932	25.527	2.984	7.089	0.011036
2OEB	A	151	10940	702	0.186	28.064	2.474	1.993	33.903	19.658	43.162	2.255	27.452	0.009912
1XSV	A	105	7353	379	0.106	11.174	2.575	0.925	46.174	25.858	25.858	3.018	9.047	0.007298
1R0D	A	192	11950	845	0.126	24.266	2.632	1.684	40.237	19.882	38.462	2.441	26.504	0.002873
1LB3	A	178	14006	750	0.127	22.687	2.363	1.749	35.200	21.200	41.733	2.371	24.989	0.004151
2V7F	A	148	10204	547	0.161	23.829	2.027	1.517	34.735	20.475	41.316	2.338	22.059	0.008558
1DVK	A	168	10179	650	0.143	24.051	2.036	1.675	34.615	18.308	43.538	2.209	20.435	0.007843
1F6F	A	196	11221	733	0.186	36.415	2.112	1.528	37.381	19.372	41.064	2.344	32.019	0.004020
1MIJ	A	151	10992	532	0.165	24.953	1.967	1.480	39.662	16.541	42.293	2.250	20.761	0.003506
2EFK	A	279	16429	1021	0.106	29.614	2.543	1.086	47.992	21.743	29.775	2.788	30.134	0.000638
3CTA	A	215	11668	753	0.132	28.419	1.380	1.912	23.108	16.467	54.847	1.753	22.915	0.008788
1J5Y	A	170	10231	658	0.152	25.866	1.749	1.936	28.116	17.325	50.304	1.950	24.780	0.009541
2PVB	A	107	8308	467	0.193	20.620	2.417	1.685	33.833	22.056	38.972	2.437	16.270	0.020662
1IT2	A	145	9864	616	0.198	28.695	2.432	1.699	37.825	19.805	40.260	2.380	28.193	0.006193
1RCD	A	170	12411	787	0.143	24.254	2.579	1.942	35.578	20.457	42.186	2.341	25.626	0.004822
1D2Z	A	101	6701	422	0.173	17.443	2.402	1.598	36.493	21.564	38.626	2.450	16.626	0.013456
1BJA	A	94	5363	374	0.153	14.338	2.442	1.368	37.968	24.064	34.759	2.684	12.963	0.013075
1WWI	A	146	9377	610	0.170	24.800	2.252	1.830	35.574	18.689	44.098	2.243	25.425	0.004674
1AU1	A	165	18963	857	0.233	38.394	2.687	2.422	32.555	19.487	46.908	2.188	38.914	0.003193
3DWY	A	113	7857	474	0.160	18.060	2.412	1.570	37.131	20.886	37.764	2.437	18.741	0.015312
2IJQ	A	144	11254	681	0.169	24.405	2.359	2.200	31.865	18.355	46.843	2.123	24.226	0.009227
1YLF	A	137	6327	405	0.128	17.594	1.790	1.043	43.210	17.778	35.556	2.449	14.501	0.006616
1UB9	A	99	6001	383	0.153	15.119	2.320	1.360	36.815	23.760	35.509	2.606	14.507	0.015300
1VKA	A	131	8438	539	0.209	27.326	2.008	1.962	30.983	18.182	48.052	2.076	26.404	0.008781
1B0B	A	140	9537	604	0.161	22.511	2.603	1.574	40.066	20.695	36.755	2.505	21.859	0.007545
2A9U	A	133	7998	460	0.078	10.361	2.537	0.813	48.696	25.217	23.696	3.050	8.450	0.005903
1U7K	A	130	8175	504	0.135	17.581	2.198	1.473	35.119	22.024	38.294	2.448	17.276	0.013169
1MIX	A	205	13187	840	0.111	22.801	1.767	2.121	26.429	16.905	52.024	1.894	23.151	0.009049
1BWO	A	89	4773	331	0.174	15.455	2.044	1.556	37.160	18.429	42.296	2.272	15.598	0.009012
1IQV	A	200	11059	730	0.132	26.455	1.871	1.597	30.822	20.685	43.973	2.229	23.107	0.008218
1QPW	A	140	8727	581	0.155	21.703	2.567	1.461	40.448	21.859	35.456	2.601	21.146	0.006690
2OU6	A	182	12230	764	0.154	28.035	2.186	1.798	33.115	19.241	43.063	2.230	28.521	0.010362
2AU5	A	132	7249	456	0.150	19.816	2.226	1.120	45.833	19.079	32.675	2.603	18.489	0.005992
2QJZ	A	120	7258	466	0.193	23.176	1.983	1.736	34.549	16.953	45.064	2.124	21.193	0.011133
1M48	A	128	8024	505	0.216	27.681	2.047	1.798	35.644	16.634	45.941	2.115	26.453	0.004807
1U61	A	126	7917	527	0.172	21.670	2.378	1.685	38.330	18.975	40.607	2.343	22.486	0.006820
1SZH	A	146	9293	647	0.108	15.813	2.347	1.871	35.394	17.929	42.504	2.232	16.252	0.012587
1BHD	A	107	7472	463	0.152	16.235	2.333	1.806	33.909	20.518	42.117	2.317	15.188	0.013889
2R8U	A	130	8631	554	0.212	27.576	2.046	2.084	30.325	18.051	49.278	2.049	26.942	0.007692
1T3Q	A	161	9551	708	0.128	20.529	1.914	2.228	26.130	17.655	50.989	1.919	20.797	0.013756
1GAK	A	136	10248	625	0.202	27.539	2.467	2.066	33.760	20.320	45.280	2.280	30.032	0.002238
1DWK	A	154	7775	495	0.103	15.828	1.723	1.297	34.545	19.394	40.606	2.261	14.444	0.011197
1R03	A	170	14132	798	0.137	23.327	2.556	2.035	34.336	20.426	43.609	2.297	26.219	0.004446
1NZN	A	121	8197	506	0.082	9.945	2.648	1.320	41.107	22.727	31.818	2.654	8.032	0.014714
1EE8	A	265	19771	1270	0.123	32.517	1.695	2.857	20.551	14.961	59.843	1.594	34.366	0.008169
1I5Z	A	200	12671	823	0.134	26.758	1.716	2.194	25.152	16.768	53.584	1.824	25.972	0.009109
1SPG	A	142	9289	607	0.156	22.134	2.580	1.566	39.209	21.582	36.903	2.542	21.990	0.006993
3DLQ	I	139	8523	583	0.217	30.224	2.279	1.864	36.535	18.182	44.768	2.254	30.034	0.001684
1N8V	A	100	6144	379	0.144	14.397	2.406	1.218	41.161	22.955	32.454	2.710	13.277	0.013038
2HQT	A	117	6838	434	0.111	12.964	2.305	1.237	39.862	22.811	33.641	2.629	11.488	0.010342
2G9W	A	121	6197	384	0.104	12.616	2.123	0.852	45.312	22.135	27.083	2.802	9.753	0.013370
1GV2	A	102	6609	370	0.114	11.584	2.214	1.223	38.378	23.243	34.054	2.635	9.881	0.016024
2R25	A	165	11504	731	0.165	27.222	2.289	1.994	33.789	18.194	45.280	2.153	28.112	0.007185
2B4J	A	152	8690	595	0.169	25.678	1.758	1.961	27.395	17.815	50.420	1.933	23.030	0.010551
2V9V	A	134	43516	730	0.133	17.791	2.474	2.593	25.753	20.000	47.945	2.073	17.723	0.025075
1E7L	A	156	9896	539	0.063	9.845	2.146	1.108	38.776	23.748	32.282	2.668	8.173	0.011441
1ZYB	A	229	14902	904	0.125	28.604	1.570	2.196	26.659	13.274	55.863	1.658	29.184	0.007108
1FC3	A	118	7356	493	0.141	16.672	2.521	1.513	38.540	22.312	36.511	2.556	16.724	0.009321
1VCT	A	192	14811	860	0.117	22.499	2.254	2.109	30.930	19.651	47.326	2.160	24.507	0.004752
1NG6	A	147	9419	593	0.088	12.894	2.554	1.358	40.978	22.766	33.895	2.663	12.349	0.006346
2FBI	A	135	9299	511	0.108	14.623	2.478	1.147	40.705	25.245	30.528	2.832	13.521	0.009786
1D8U	A	164	10452	684	0.143	23.442	2.497	1.564	37.719	22.515	37.719	2.548	25.069	0.005106
1B79	A	101	6965	443	0.201	20.285	2.353	1.853	34.312	19.865	42.664	2.260	21.375	0.013072
1ELR	A	127	9367	570	0.089	11.282	2.727	1.594	38.947	22.281	35.789	2.556	8.942	0.010376
1CY5	A	92	6434	411	0.196	17.997	2.452	1.839	36.010	19.465	41.606	2.316	17.764	0.013643
1DQE	A	136	8770	597	0.190	25.835	2.248	1.964	33.501	18.090	45.059	2.139	26.652	0.010123
1TZV	A	140	12423	629	0.127	17.713	2.525	1.844	36.248	20.350	41.335	2.397	17.119	0.006640
1OR4	A	168	11731	698	0.143	24.035	2.391	1.657	38.825	19.054	40.115	2.352	25.479	0.004727
2CWQ	A	126	6121	435	0.107	13.459	2.307	0.984	45.977	21.379	28.736	2.763	10.970	0.010168
1OUT	A	141	9076	609	0.162	22.801	2.599	1.620	39.245	21.346	37.767	2.530	22.113	0.005108
1HY5	A	118	7082	479	0.144	17.025	2.387	1.496	39.457	19.833	37.161	2.474	16.603	0.012146
1GGZ	A	143	8760	540	0.081	11.559	2.562	0.951	40.926	27.407	25.370	2.961	8.685	0.016445
2ZPY	A	294	21221	1292	0.093	27.449	1.797	2.369	24.071	16.950	54.102	1.813	28.088	0.007159
2R9G	A	185	10582	709	0.092	17.100	2.167	1.538	36.107	20.733	40.339	2.396	16.673	0.005839
2H5N	A	131	7451	518	0.144	18.921	2.174	1.644	35.907	19.498	41.892	2.305	19.068	0.007920
1CH4	A	145	9074	604	0.149	21.546	2.534	1.500	40.397	20.861	36.258	2.512	21.611	0.007225
1O57	A	274	18050	1225	0.107	29.319	1.640	2.647	23.510	13.306	59.429	1.562	29.868	0.006109
1YNB	A	166	10389	682	0.135	22.370	2.174	1.790	36.657	16.569	43.842	2.150	21.864	0.007135
1S69	A	122	7977	501	0.147	17.993	2.504	1.480	39.321	22.156	36.327	2.551	18.068	0.007006
1IZM	A	169	11056	726	0.143	24.203	2.306	1.859	35.262	18.733	43.526	2.245	24.240	0.006090
3CTD	A	162	8120	567	0.113	18.276	1.969	1.393	36.684	19.929	40.035	2.383	17.340	0.005947
1QKR	A	180	10206	692	0.153	27.532	2.133	1.619	39.740	16.040	42.341	2.221	24.947	0.003754
3BJ1	A	141	9252	597	0.161	22.677	2.592	1.535	40.369	21.273	36.516	2.566	22.156	0.005554
1YG2	A	177	10209	621	0.094	16.724	2.270	1.084	42.029	23.027	31.079	2.688	14.201	0.007259
2AO9	A	119	6404	384	0.106	12.660	2.242	0.825	43.229	26.823	25.781	2.971	9.841	0.011042
1OW4	A	119	7433	506	0.132	15.658	2.367	1.758	35.771	20.356	41.700	2.352	15.524	0.007361
1UVX	A	120	7297	464	0.153	18.342	2.339	1.413	40.517	20.474	36.853	2.506	17.817	0.006625
1DM1	A	145	9553	619	0.149	21.572	2.575	1.596	39.580	21.163	37.641	2.522	22.333	0.004597
2CJ4	A	146	9759	672	0.130	18.924	2.660	1.782	37.500	20.685	38.988	2.426	20.077	0.008839
2NSZ	A	128	10928	564	0.116	14.801	2.535	1.736	36.879	21.099	39.716	2.426	14.351	0.007391
1SUM	B	224	16023	1074	0.115	25.721	2.640	2.040	36.406	18.901	42.737	2.268	27.499	0.004069
2QFK	A	136	10816	604	0.155	21.088	2.533	1.759	36.589	20.861	39.901	2.422	20.753	0.008365
1GVJ	A	141	9113	564	0.132	18.634	2.127	1.634	31.738	21.809	41.135	2.358	18.477	0.014680
2APL	A	148	9655	590	0.097	14.321	2.443	1.430	41.356	20.339	36.102	2.500	13.249	0.005585
2OUW	A	134	6821	416	0.065	8.666	2.259	0.719	48.317	25.000	23.317	3.048	6.096	0.007682
1JOG	A	134	8385	503	0.129	17.234	2.481	1.163	45.129	21.471	31.213	2.718	16.274	0.005487
1JFZ	A	147	10642	657	0.170	24.930	2.473	1.811	35.160	20.548	40.791	2.350	25.799	0.010455
1EM9	A	146	9547	644	0.148	21.562	2.463	1.762	32.919	23.292	40.217	2.461	21.871	0.010551
1B7Y	A	264	17573	1135	0.153	40.426	1.442	2.691	20.000	13.656	62.819	1.485	44.305	0.005724
2A61	A	141	8986	529	0.104	14.627	2.472	1.092	41.777	24.575	29.301	2.796	13.611	0.011406
1P2X	A	158	10236	665	0.162	25.636	2.170	1.874	33.383	18.496	44.812	2.173	26.851	0.008584
1FPO	A	170	11335	684	0.107	18.107	2.561	1.345	40.789	23.246	33.626	2.674	16.487	0.005438
1WPB	A	167	11349	659	0.102	16.954	2.274	1.560	37.329	20.637	39.757	2.431	17.901	0.005244
1BU3	A	107	6385	441	0.170	18.188	2.315	1.556	34.694	21.995	38.095	2.460	15.726	0.019805
2FBN	A	152	10919	666	0.076	11.570	2.647	1.569	38.589	22.222	36.036	2.548	10.212	0.008971
3BGE	A	183	9892	635	0.099	18.055	2.033	1.293	37.953	20.945	37.480	2.463	16.137	0.006469
1N1F	A	155	10552	708	0.239	36.971	2.295	2.199	33.616	16.949	48.446	2.071	38.003	0.002342
1EYX	A	163	9953	683	0.112	18.270	2.665	1.427	40.264	23.719	34.261	2.693	19.149	0.004424
1D9C	A	120	6710	401	0.092	10.990	2.496	0.744	49.875	25.436	22.444	3.105	8.918	0.006011
1Q1F	A	147	11125	650	0.156	22.987	2.608	1.682	38.308	21.077	38.308	2.505	23.469	0.006757
1C52	A	130	12011	641	0.191	24.894	2.336	2.359	27.613	20.125	48.206	2.114	24.273	0.014976
1IRD	A	140	8760	597	0.152	21.274	2.582	1.553	39.531	21.441	36.683	2.546	21.940	0.007092
1DLY	A	120	7274	473	0.153	18.378	2.421	1.405	40.592	21.353	35.941	2.564	17.740	0.006625
1S0P	A	175	12570	812	0.172	30.186	2.517	2.034	36.453	18.103	44.089	2.243	28.610	0.003713
2D4C	A	240	14865	945	0.111	26.751	2.680	1.183	43.810	24.550	30.159	2.814	27.108	0.002410
1H21	A	239	15063	1043	0.129	30.828	2.175	2.029	31.160	18.888	46.692	2.149	29.706	0.005920
1Q5Z	A	144	9102	600	0.147	21.155	2.283	1.731	35.667	19.500	41.833	2.317	20.985	0.008323
1EXR	A	145	15091	562	0.084	12.177	2.575	1.021	39.146	27.758	26.512	2.934	9.014	0.017264
1S2X	A	179	11967	744	0.160	28.559	2.394	1.689	39.651	18.280	40.860	2.316	28.804	0.002346
3BRO	A	134	8563	459	0.100	13.448	2.178	1.037	44.227	19.826	30.501	2.638	12.281	0.013827
1LK3	A	136	9200	593	0.217	29.537	2.438	1.832	38.111	18.212	42.327	2.307	28.327	0.004262
1Z6O	A	211	13633	880	0.124	26.062	2.382	1.693	36.591	20.795	40.795	2.397	25.781	0.003515
2PXR	C	144	9736	591	0.142	20.413	2.276	1.634	34.179	21.658	40.102	2.396	21.193	0.011225
2ION	A	128	10095	569	0.117	14.946	2.543	1.767	36.555	21.090	40.070	2.415	14.496	0.007391
1TU9	A	130	9500	571	0.175	22.765	2.641	1.634	38.704	21.891	37.478	2.522	22.180	0.006526
2AUW	A	150	9865	578	0.119	17.806	1.967	1.530	30.277	21.107	39.965	2.301	15.652	0.022017
2GGM	A	148	8073	486	0.085	12.561	2.107	0.973	45.267	19.342	29.835	2.621	9.698	0.012026
1V4X	A	142	8933	617	0.158	22.385	2.580	1.650	39.060	20.746	38.250	2.494	23.365	0.006015
3BZ6	A	167	10114	666	0.128	21.455	1.964	1.774	29.429	20.120	44.745	2.174	21.889	0.013464
1GCV	A	139	8796	599	0.146	20.239	2.514	1.679	38.230	20.534	39.232	2.441	21.765	0.006224
2Q37	A	154	8732	556	0.130	19.980	1.897	1.568	36.871	16.007	43.705	2.144	18.477	0.007326
2ISY	A	146	10187	598	0.119	17.337	2.231	1.680	33.110	21.739	41.304	2.378	16.766	0.010829
1N4K	A	366	20186	1289	0.098	35.843	1.488	1.842	25.446	16.912	52.444	1.857	27.922	0.004796
1BIN	A	142	8901	615	0.163	23.178	2.531	1.671	37.398	21.463	38.862	2.478	23.420	0.006846
1Y14	A	175	7952	532	0.125	21.799	1.722	1.222	36.466	20.489	40.414	2.365	16.855	0.004552
1EYV	A	130	8031	560	0.132	17.196	2.550	1.595	38.036	21.607	37.321	2.516	15.954	0.010139
1NP8	A	148	10076	662	0.127	18.789	2.477	1.772	34.139	21.601	39.879	2.415	17.992	0.013198
1URV	A	153	10338	664	0.141	21.531	2.656	1.558	39.608	21.988	36.145	2.556	21.417	0.006325
2IDO	A	174	11795	762	0.178	30.914	1.697	2.531	24.278	14.698	58.136	1.668	31.819	0.007249
2FBK	A	171	8612	561	0.081	13.883	2.192	0.942	44.029	23.173	28.877	2.816	12.187	0.007065
1XLY	A	231	15055	977	0.142	32.780	2.259	1.862	36.233	17.400	44.217	2.165	34.410	0.003753
1DLW	A	115	6746	455	0.162	18.685	2.310	1.517	38.681	20.220	38.681	2.429	17.462	0.008026
1JL7	A	146	8880	636	0.159	23.182	2.612	1.646	38.994	21.384	38.050	2.530	23.215	0.004674
1B8D	A	163	14887	773	0.113	18.345	3.067	1.567	36.869	28.202	33.247	2.863	19.076	0.004722
1ON2	A	134	8765	537	0.095	12.728	2.556	1.237	39.665	24.581	31.099	2.747	12.173	0.013827
3BWG	A	228	14350	876	0.131	29.805	1.336	2.301	20.434	14.498	60.160	1.547	29.663	0.008295
1JEB	A	140	9205	609	0.159	22.280	2.660	1.589	39.245	22.332	36.782	2.585	22.100	0.005181
2OBH	A	142	8756	553	0.089	12.599	2.441	1.259	39.602	23.508	32.550	2.680	10.624	0.011688
2NSF	A	239	16740	1103	0.114	27.357	2.150	2.225	28.921	17.860	48.413	2.025	28.325	0.009236
1UC3	A	148	9678	638	0.176	26.095	2.497	1.664	37.147	21.160	38.871	2.445	25.873	0.008198
1WMU	A	140	9564	614	0.147	20.591	2.660	1.610	38.599	22.476	36.971	2.583	21.459	0.006137
2OVR	A	158	7997	497	0.104	16.396	1.805	1.151	36.217	21.529	36.821	2.467	11.952	0.010205
1XB2	A	396	22627	1539	0.097	38.341	1.156	2.567	17.544	12.281	66.212	1.313	35.297	0.003864
1A17	A	158	10374	628	0.060	9.427	2.629	1.195	42.675	23.885	30.255	2.760	7.339	0.007832
1B0N	A	107	5977	352	0.104	11.127	2.231	0.907	44.034	24.432	27.841	2.841	9.616	0.011403
2ETH	A	140	7078	439	0.100	13.943	2.113	0.872	46.469	21.412	28.018	2.754	12.793	0.009154
1C40	A	140	8845	595	0.154	21.508	2.617	1.525	40.336	21.681	36.134	2.583	21.323	0.005684
1P5S	A	158	9933	657	0.163	25.772	2.164	1.836	33.790	18.569	44.444	2.178	26.740	0.008188
1ELW	A	116	8605	531	0.092	10.659	2.726	1.632	37.665	22.411	35.970	2.522	8.416	0.015414
1YS7	A	226	14576	1005	0.096	21.627	1.850	2.348	22.687	19.104	53.035	1.900	22.660	0.009878
3EFZ	A	222	15856	964	0.069	15.295	2.619	1.601	37.759	22.822	37.033	2.559	15.818	0.004283
2IU5	A	179	13208	777	0.103	18.510	2.511	1.711	38.224	19.949	39.640	2.400	18.266	0.005216
2IZP	A	271	17617	1177	0.137	37.186	2.221	1.996	32.880	18.437	46.134	2.136	41.687	0.004014
1KHY	A	138	8174	578	0.156	21.538	2.230	1.799	33.564	20.069	43.253	2.287	19.606	0.009523
2P0T	A	147	9350	561	0.080	11.698	2.561	1.128	43.494	24.064	29.768	2.831	10.722	0.006894
2J7Y	A	236	15185	1013	0.128	30.289	2.350	1.810	35.341	19.645	42.349	2.295	31.793	0.004771
1E6B	A	212	12619	848	0.158	33.517	2.005	1.831	29.481	20.873	45.991	2.205	27.512	0.006789
1HQV	A	180	11821	743	0.113	20.284	2.254	1.630	33.513	21.400	39.704	2.363	22.425	0.012210
2G03	A	175	13662	791	0.136	23.769	2.233	2.102	32.238	17.446	46.776	2.088	23.448	0.009007
1RWY	A	108	7279	461	0.166	17.928	2.431	1.550	34.924	22.560	36.659	2.503	15.575	0.022641
1JBO	A	173	10103	686	0.119	20.605	2.511	1.316	39.796	23.907	33.382	2.681	19.305	0.005912
1FW1	A	207	14436	960	0.143	29.559	2.385	2.043	29.792	21.875	44.271	2.280	28.833	0.008830
1NI2	A	295	20033	1249	0.092	27.191	1.736	2.267	25.060	16.093	53.723	1.781	28.216	0.007270
1GSU	A	216	15486	981	0.151	32.651	2.226	2.074	29.664	19.572	45.872	2.137	32.217	0.009960
1T11	A	378	22802	1551	0.113	42.829	1.723	2.222	26.950	15.152	54.288	1.771	44.692	0.003919
1R4V	A	150	9170	596	0.165	24.772	2.132	1.742	37.416	16.611	44.128	2.193	25.626	0.004824
1SU3	A	434	30323	1930	0.075	32.537	1.483	2.651	18.238	15.181	59.741	1.549	34.013	0.006891
1GN4	A	197	13441	851	0.148	29.143	2.045	2.126	29.965	17.626	49.471	2.009	29.150	0.006275
1T6S	A	161	9538	592	0.071	11.502	2.253	1.247	36.655	25.000	34.122	2.693	10.302	0.009640
2P8T	A	185	12409	834	0.163	30.105	1.973	2.237	25.420	18.585	49.880	1.952	30.945	0.014424
2DT5	A	209	11938	822	0.078	16.313	1.895	1.905	30.170	18.248	48.662	2.075	15.710	0.005578
1NGN	A	143	10590	640	0.154	22.088	2.292	1.910	32.500	19.062	42.969	2.178	21.602	0.016541
1BSM	A	200	14461	882	0.151	30.168	2.060	2.199	29.932	17.007	50.113	1.972	29.893	0.006411
1RXQ	A	173	12256	734	0.193	33.410	2.172	1.937	33.651	17.847	45.913	2.144	35.368	0.006309
2C4J	A	216	16148	984	0.157	33.825	2.221	2.097	29.776	19.207	46.240	2.124	32.824	0.009769
1HJP	A	202	11364	746	0.078	15.703	1.778	1.685	29.088	19.303	45.845	2.126	14.769	0.010362
1EYH	A	143	10185	634	0.122	17.412	2.451	1.806	35.962	19.716	41.009	2.333	16.683	0.010127
2IJC	A	142	8595	564	0.153	21.741	2.322	1.503	39.184	19.681	38.121	2.429	21.984	0.008118
1IDR	A	126	7492	501	0.133	16.725	2.370	1.449	38.323	21.756	36.727	2.509	16.828	0.009920
1DUG	A	233	16698	1082	0.138	32.048	2.167	2.256	28.651	18.207	48.799	2.032	32.039	0.008437
1N81	A	185	12994	826	0.121	22.454	2.489	1.866	36.441	19.613	42.010	2.317	24.352	0.004509
1MHQ	A	142	9608	625	0.104	14.739	2.469	1.776	36.000	20.480	40.640	2.376	14.523	0.008705
1P7G	A	210	15632	929	0.143	29.946	1.995	2.251	28.202	17.115	51.130	1.934	30.214	0.007412
1GJY	A	166	10804	697	0.106	17.645	2.347	1.659	35.151	21.090	39.742	2.377	16.373	0.010183
1Y1X	A	181	11736	749	0.105	19.040	2.319	1.571	34.312	22.029	38.184	2.437	17.011	0.012227
2P1A	A	142	9441	550	0.163	23.194	2.175	1.538	38.909	17.636	40.000	2.285	23.273	0.009194
1B9M	A	263	14734	1009	0.102	26.711	1.534	2.064	23.588	16.551	54.014	1.766	26.380	0.008164
2OU3	A	158	9590	618	0.104	16.505	2.277	1.484	39.644	18.932	38.188	2.377	16.201	0.007555
2FHE	A	215	15164	956	0.145	31.210	2.301	1.917	30.753	21.234	43.305	2.285	29.243	0.009516
1EVS	A	183	11112	726	0.232	42.372	2.158	1.745	36.364	18.320	44.215	2.241	38.406	0.002333
1PAQ	A	160	11194	694	0.101	16.136	2.453	1.752	38.761	18.156	40.634	2.326	15.285	0.006520
1P2F	A	214	14454	913	0.088	18.815	1.819	2.205	24.535	18.291	51.917	1.918	18.288	0.010254
1HE1	A	134	8436	595	0.143	19.208	2.630	1.637	37.311	22.353	37.143	2.550	18.736	0.010261
1JUQ	A	150	9863	646	0.097	14.520	2.437	1.715	36.687	20.279	40.093	2.398	14.195	0.008070
2GZ4	A	199	13077	854	0.164	32.607	2.150	1.955	31.850	18.501	45.785	2.128	32.693	0.008400
1ALV	A	172	15852	797	0.106	18.150	2.676	1.717	33.250	24.843	37.265	2.583	18.322	0.012363
1KCF	A	253	16950	1099	0.169	42.743	1.882	2.260	26.479	17.015	52.229	1.863	43.765	0.007037
1XW6	A	216	15873	982	0.146	31.507	2.240	2.078	29.735	19.756	45.927	2.159	31.955	0.009365
2BH7	A	253	16568	1066	0.131	33.027	1.618	2.382	24.015	14.540	56.754	1.655	31.674	0.007673
3E46	A	201	14520	908	0.105	21.066	2.035	2.228	25.881	19.383	49.559	2.012	21.707	0.011469
2OQM	A	179	11742	752	0.157	28.117	2.206	1.833	35.106	17.686	43.883	2.170	31.552	0.007654
2OC5	A	221	16607	1026	0.120	26.470	2.559	2.005	37.329	18.031	43.372	2.247	28.115	0.002597
1K6K	A	141	8685	606	0.166	23.365	2.296	1.894	33.663	20.132	44.389	2.267	23.343	0.005406
2CWL	A	298	20171	1376	0.159	47.525	2.137	2.355	28.198	18.241	51.163	2.016	50.211	0.003624
1Y88	A	183	13089	823	0.112	20.405	2.016	2.228	26.002	19.077	49.818	1.991	20.261	0.012169
2CIW	A	297	21657	1398	0.165	48.903	1.758	2.775	23.963	13.519	59.156	1.587	49.499	0.005349
2F6S	A	179	12072	773	0.138	24.619	2.172	1.961	33.506	17.076	45.666	2.110	24.409	0.008889
2FXA	A	161	9832	527	0.099	15.863	2.117	0.938	42.694	22.391	28.843	2.704	12.668	0.011622
1WB8	A	204	14730	902	0.145	29.522	2.029	2.254	29.157	16.962	51.220	1.941	30.409	0.005687
2NP3	A	176	7479	543	0.112	19.671	1.864	1.102	40.884	19.890	35.912	2.486	16.326	0.005267
2V1F	A	152	11992	677	0.144	21.938	2.680	1.660	38.405	22.157	37.518	2.538	22.440	0.005682
1ZA0	A	266	16655	1065	0.143	38.038	2.161	1.768	35.493	18.685	44.319	2.231	32.144	0.002216
1NGK	A	125	8634	508	0.156	19.453	2.389	1.540	37.992	21.260	38.189	2.474	19.031	0.008062
1BGF	A	123	8032	494	0.157	19.356	2.500	1.403	41.498	21.255	35.223	2.599	18.927	0.006569
1UHK	A	190	13472	879	0.150	28.470	2.424	1.979	31.513	21.160	43.003	2.271	26.783	0.010471
1UJK	A	144	9920	653	0.097	14.001	2.648	1.710	35.835	22.971	37.979	2.533	13.455	0.009798
1J77	A	199	13684	874	0.180	35.807	2.365	1.930	34.897	19.222	44.165	2.261	36.749	0.003675
2A6T	A	244	15062	954	0.117	28.467	1.686	2.045	26.834	16.457	52.516	1.861	27.867	0.006514
1Z67	A	128	7788	500	0.126	16.139	2.372	1.349	39.800	21.400	34.800	2.550	16.306	0.011117
1N2A	A	200	13411	895	0.134	26.820	2.289	1.960	30.726	20.670	44.022	2.256	27.388	0.009925
1KKC	A	199	14921	943	0.155	30.803	2.155	2.440	28.526	17.179	51.750	1.945	31.034	0.006025
1I3D	A	145	9210	616	0.157	22.716	2.514	1.610	39.286	20.292	38.149	2.451	22.403	0.006755
2AV0	A	144	9057	614	0.157	22.650	2.559	1.559	40.391	20.033	36.808	2.480	23.103	0.007943
1COJ	A	210	15119	941	0.141	29.701	2.128	2.190	29.224	18.491	49.097	2.054	29.518	0.006806
3D19	A	263	20705	1258	0.114	29.926	2.652	2.030	36.169	19.475	42.607	2.289	30.161	0.003185
2OX6	A	161	10733	659	0.104	16.713	2.278	1.630	34.446	21.548	40.061	2.376	17.009	0.010021
1H4R	A	293	20958	1268	0.097	28.516	1.806	2.282	24.763	17.114	52.918	1.845	29.461	0.007520
1DTL	A	155	9203	595	0.097	15.073	2.321	1.276	36.807	24.034	33.445	2.652	14.659	0.013601
1JUO	A	171	10102	667	0.101	17.268	2.244	1.459	36.732	21.139	37.631	2.426	16.189	0.010174
1AXI	A	188	11725	754	0.206	38.689	2.127	1.810	35.942	17.374	45.358	2.166	36.241	0.002464
1OXJ	A	169	10481	715	0.092	15.484	2.453	1.624	38.881	19.441	38.601	2.415	15.910	0.007543
1SZ9	A	142	10144	640	0.097	13.837	2.685	1.643	37.812	22.188	36.719	2.555	12.739	0.010318
1O9I	A	265	16942	1081	0.122	32.206	2.086	1.872	32.007	19.334	46.068	2.188	31.991	0.003872
1TDH	A	288	19082	1256	0.129	37.257	1.526	2.661	22.213	12.898	61.226	1.512	36.518	0.005412
1KLX	A	132	8847	602	0.083	10.965	2.662	1.586	34.884	23.920	35.050	2.588	8.802	0.020578
1B06	A	207	15103	916	0.144	29.826	2.034	2.250	28.821	17.358	51.092	1.956	30.596	0.005755
1TU7	A	207	15343	953	0.143	29.508	2.418	1.981	32.529	20.252	43.232	2.264	27.569	0.008621
1UNL	A	291	20210	1311	0.103	30.070	1.678	2.616	22.121	15.256	58.276	1.662	32.563	0.006685
1ULY	A	189	12178	738	0.120	22.701	2.200	1.568	36.179	20.461	40.379	2.373	22.314	0.006150
1Q3B	A	261	19572	1124	0.099	25.721	1.653	2.416	22.954	15.569	56.317	1.709	25.179	0.008449
1PUO	A	159	9752	658	0.159	25.313	2.331	1.681	35.410	21.277	40.881	2.380	23.498	0.006094
2ITB	A	198	12954	869	0.185	36.537	2.256	1.960	34.522	17.146	44.879	2.116	35.497	0.007399
3CJR	A	253	16110	1127	0.100	25.350	1.496	2.803	19.610	14.108	63.177	1.503	23.980	0.005348
1K6Y	A	209	11821	796	0.111	23.099	1.843	1.752	29.648	18.970	46.231	2.080	21.761	0.009320
2O4D	A	143	8812	568	0.152	21.727	2.306	1.521	39.261	19.190	38.556	2.408	22.565	0.008005
2CCH	A	296	21354	1332	0.107	31.539	1.697	2.596	22.823	15.015	57.883	1.678	34.274	0.006439
1K94	A	164	10568	675	0.104	17.099	2.394	1.521	36.148	22.370	37.185	2.502	15.443	0.010579
1SWX	A	201	13893	889	0.140	28.236	2.381	1.891	34.983	19.123	42.970	2.251	29.267	0.006372
3DBY	A	256	20046	1241	0.115	29.497	2.553	2.160	33.844	19.017	44.722	2.201	29.979	0.004618
2FP1	A	164	11514	719	0.184	30.104	2.473	1.836	37.691	19.054	42.142	2.331	31.505	0.002865
1KGS	A	223	13721	866	0.082	18.371	1.741	1.906	25.866	19.169	49.307	2.006	17.291	0.009666
1PN9	A	208	15031	957	0.122	25.284	2.378	2.019	30.825	21.108	44.096	2.248	28.087	0.008631
2EJN	A	145	10073	690	0.149	21.582	2.575	2.021	34.203	20.290	42.754	2.281	24.041	0.008538
2G3B	A	187	11837	809	0.099	18.499	2.564	1.596	38.690	20.890	37.083	2.461	18.222	0.007639
2GAU	A	222	14808	958	0.117	25.948	1.924	2.179	26.618	18.163	50.731	1.968	24.664	0.008406
1M70	A	189	11913	826	0.158	29.943	1.995	2.153	29.903	15.981	49.516	1.948	29.091	0.010526
1V2A	A	207	14212	918	0.110	22.667	2.409	1.812	32.898	21.678	41.068	2.353	23.037	0.009292
1ELK	A	152	10229	680	0.101	15.318	2.418	1.908	33.824	20.588	42.941	2.316	15.615	0.007604
1H6P	A	202	11770	753	0.117	23.728	2.197	1.424	39.575	19.655	38.380	2.425	22.085	0.004174
2NP5	A	186	10995	752	0.094	17.568	2.449	1.460	40.691	20.213	36.303	2.503	18.023	0.006063
1TW9	A	205	13404	835	0.139	28.488	2.131	1.767	31.497	21.078	43.593	2.286	24.741	0.007541
2GEN	A	187	12007	780	0.106	19.739	2.548	1.495	40.128	21.282	36.026	2.544	18.105	0.005489
1L9B	L	280	17003	1099	0.079	22.254	2.367	1.391	38.217	22.293	35.578	2.559	21.211	0.005306
1F99	A	161	9927	675	0.116	18.703	2.660	1.395	40.148	23.704	33.481	2.687	19.713	0.006668
1HTJ	F	181	12579	789	0.152	27.559	2.467	1.725	37.516	19.392	39.797	2.370	27.639	0.007729
1T95	A	229	13506	887	0.100	22.970	1.704	1.970	27.508	16.685	51.071	1.900	22.225	0.007902
2O8P	A	218	15571	918	0.069	15.006	2.575	1.511	41.068	20.370	36.057	2.507	14.229	0.004796
1OR7	A	188	10849	671	0.068	12.818	2.413	1.053	44.411	23.547	29.657	2.832	12.610	0.004535
1GH0	A	161	9825	685	0.118	18.988	2.667	1.457	39.416	23.650	34.453	2.664	19.974	0.006401
1HF8	A	262	17584	1188	0.085	22.260	2.361	2.057	33.923	18.350	45.539	2.181	22.470	0.003759
2Q4X	A	214	14209	913	0.170	36.393	2.326	1.842	37.021	17.744	43.373	2.226	38.821	0.003634
1GKZ	A	340	22259	1445	0.104	35.412	1.889	2.191	28.651	15.917	51.696	1.875	34.001	0.004541
1PD2	1	198	20138	962	0.137	27.073	2.573	2.075	30.769	22.453	42.931	2.347	26.019	0.009192
1DT0	A	196	14969	893	0.156	30.651	2.051	2.330	28.108	17.133	51.400	1.941	31.171	0.007679
2I10	A	184	10095	687	0.111	20.503	2.200	1.384	39.884	19.360	37.263	2.421	18.967	0.006808
2G7S	A	189	14301	825	0.112	21.091	2.521	1.679	38.061	20.000	38.667	2.399	19.628	0.007452
1YLA	A	200	14177	912	0.110	21.962	2.005	2.294	25.877	18.311	50.548	1.940	22.655	0.011807
1PHN	A	173	10140	694	0.118	20.498	2.500	1.374	39.481	23.199	34.438	2.631	20.267	0.005846
1L6J	A	415	28488	1903	0.130	53.916	1.500	2.733	17.709	15.081	59.748	1.522	54.974	0.008142
1L8W	A	290	16489	1292	0.151	43.729	1.918	2.426	29.954	13.235	54.644	1.728	45.828	0.003354
1DVP	A	219	14068	911	0.082	17.916	2.086	1.868	29.967	20.417	45.115	2.188	16.897	0.008120
1FX7	A	229	15762	992	0.119	27.295	1.926	2.213	26.109	18.548	51.310	1.965	26.153	0.007675
1JLV	A	206	14981	965	0.117	24.163	2.372	2.097	30.570	20.311	44.974	2.195	27.613	0.009265
2HYJ	A	192	12618	869	0.096	18.358	2.627	1.741	37.629	20.713	38.665	2.422	18.797	0.006792
2HS5	A	206	14032	912	0.120	24.658	2.498	1.807	36.294	20.395	41.009	2.364	24.978	0.004878
1MY6	A	197	15017	916	0.149	29.335	2.086	2.394	28.384	16.703	51.747	1.926	30.124	0.007346
3BLH	A	317	20285	1311	0.109	34.621	1.582	2.352	22.578	15.789	57.056	1.699	32.631	0.005815
1J1J	A	216	15189	964	0.087	18.877	2.618	1.737	38.174	20.747	39.108	2.456	18.989	0.003971
2ID3	A	190	12219	858	0.108	20.455	2.565	1.775	35.548	21.562	39.510	2.421	19.719	0.007812
1KN1	A	171	9637	689	0.114	19.578	2.541	1.384	40.493	22.932	34.543	2.662	18.521	0.003989
1KNC	A	173	10388	769	0.133	22.988	2.477	1.810	37.451	18.596	40.962	2.300	25.776	0.007630
1SK7	A	186	12390	831	0.190	35.363	2.412	1.989	35.499	18.773	44.765	2.245	35.501	0.002288
1VI0	A	188	11802	751	0.101	19.004	2.402	1.444	41.145	19.308	36.352	2.457	19.177	0.006635
1EEM	A	236	17160	1099	0.135	31.958	2.177	2.266	28.298	18.653	48.863	2.055	32.720	0.008118
2FM9	A	214	12444	856	0.111	23.694	2.372	1.507	38.668	20.911	37.850	2.470	23.305	0.004673
1T56	A	192	12062	797	0.095	18.322	2.554	1.446	39.774	22.083	35.006	2.570	16.418	0.006604
1YW9	A	368	27244	1834	0.173	63.532	1.580	3.209	19.193	12.595	64.558	1.391	64.732	0.004869
2O7T	A	184	11466	725	0.094	17.245	2.465	1.384	41.793	21.103	35.310	2.578	16.516	0.003798
1OTK	A	243	18675	1202	0.148	36.078	2.414	2.389	31.780	17.221	48.502	2.038	37.666	0.005022
1B6A	A	368	26163	1757	0.173	63.587	1.474	3.122	18.839	12.123	65.566	1.344	63.750	0.004443
2CVD	A	197	13551	848	0.135	26.519	2.263	1.859	32.311	20.519	43.396	2.272	25.981	0.008060
2C0G	A	227	14743	949	0.101	22.999	1.987	2.035	30.664	17.071	48.894	2.017	23.002	0.006117
1FCY	A	235	17711	1103	0.143	33.534	2.339	2.195	32.276	17.770	46.963	2.094	36.373	0.005997
1M0U	A	202	14064	901	0.135	27.183	2.369	1.911	32.186	21.199	43.063	2.317	26.684	0.007620
1SR7	A	250	17756	1132	0.130	32.395	2.386	1.996	34.011	18.905	44.258	2.209	34.100	0.004873
1TMQ	A	469	35694	2415	0.103	48.196	1.560	3.343	17.516	12.836	65.052	1.366	49.174	0.005020
1ZK8	A	176	10992	735	0.099	17.439	2.520	1.531	39.456	21.224	36.871	2.516	16.850	0.005873
1OKT	A	210	14731	913	0.121	25.350	2.256	1.858	31.654	20.482	42.935	2.252	25.766	0.010063
1AH7	A	244	20481	1264	0.157	38.395	2.518	2.445	30.459	18.354	47.389	2.093	38.210	0.007930
1AD6	A	184	12617	809	0.116	21.339	2.438	1.854	35.476	20.272	42.398	2.351	22.800	0.004412
2PFX	A	190	11191	701	0.125	23.830	2.131	1.393	40.086	17.974	37.946	2.365	23.846	0.007648
2P4K	A	197	14413	894	0.148	29.146	2.116	2.247	29.642	17.226	49.776	1.983	29.520	0.007652
1AA7	A	157	15220	805	0.123	19.321	2.690	2.310	31.304	21.491	45.342	2.277	21.314	0.005929
1XPC	A	244	15864	1072	0.129	31.581	2.376	1.878	35.448	18.843	42.910	2.256	35.912	0.004948
1R8J	A	281	17213	1135	0.074	20.742	1.965	1.957	31.189	17.621	48.634	2.056	21.162	0.003672
1M45	A	145	8617	495	0.103	14.917	2.041	1.233	38.384	21.818	36.364	2.576	12.834	0.007647
1T0F	A	263	17683	1154	0.104	27.409	1.864	2.322	26.083	16.551	53.120	1.855	28.530	0.007016
1UHN	A	188	12896	844	0.132	24.850	2.450	1.778	33.886	20.972	39.810	2.367	25.528	0.012570
1UES	A	190	14655	890	0.155	29.538	2.026	2.497	26.854	16.629	53.596	1.873	31.093	0.007100
1R5A	A	213	15697	973	0.118	25.131	2.407	1.986	31.757	21.172	43.679	2.282	26.328	0.007140
1ZAR	A	279	18975	1200	0.083	23.071	1.829	2.243	25.500	17.167	52.333	1.867	22.861	0.007679
1NHZ	A	246	15964	1028	0.109	26.882	2.255	1.794	34.436	19.747	43.093	2.276	28.339	0.004524
1GV3	A	213	16087	1010	0.151	32.260	2.093	2.505	27.426	16.931	53.069	1.907	34.196	0.005677
1UNF	X	224	16538	1003	0.147	32.918	1.916	2.404	26.919	16.052	53.938	1.835	32.569	0.005886
1Y9I	A	158	10514	719	0.157	24.810	2.491	1.925	36.579	18.498	42.559	2.287	25.701	0.006724
3CR3	A	191	12272	845	0.151	28.826	2.318	1.953	36.568	16.095	44.379	2.122	26.133	0.006809
2ID6	A	201	12906	778	0.096	19.294	2.381	1.361	43.959	17.866	35.347	2.468	18.548	0.005441
2PAQ	A	185	10505	703	0.144	26.590	2.108	1.570	39.118	16.643	41.536	2.250	24.595	0.005232
1JF0	A	191	13724	880	0.148	28.242	2.380	1.974	31.591	20.341	43.068	2.219	27.481	0.011990
2Q0Z	X	289	17670	1192	0.115	33.303	1.510	2.441	24.413	12.332	59.396	1.527	33.409	0.005470
1FQI	A	137	8916	532	0.166	22.735	2.326	1.391	40.038	20.301	36.090	2.536	19.898	0.009662
1QHD	A	396	29089	1842	0.155	61.199	1.496	2.980	19.924	12.324	64.224	1.391	64.005	0.004099
2BGC	A	234	15730	1005	0.129	30.090	1.826	2.277	25.572	17.114	53.234	1.850	29.428	0.007352
2ZOZ	A	171	11210	701	0.103	17.568	2.471	1.500	38.659	21.969	36.805	2.542	16.532	0.006017
2NYB	A	191	16289	871	0.147	28.044	2.068	2.349	28.358	17.222	51.780	1.956	30.569	0.006266
1YIO	A	197	12594	844	0.088	17.256	2.106	2.020	29.858	19.550	47.393	2.123	17.693	0.006836
1F2E	A	200	12539	864	0.126	25.232	2.254	1.851	31.366	21.065	43.056	2.300	26.245	0.009579
1OE8	A	203	13944	889	0.118	23.958	2.358	1.843	32.171	21.935	42.295	2.360	24.571	0.007641
2PV4	A	144	8910	571	0.129	18.587	2.448	1.441	42.557	19.615	36.602	2.511	18.844	0.003424
2GMY	A	146	9698	619	0.167	24.454	2.456	1.605	36.511	21.809	38.126	2.468	23.195	0.009903
1UPV	A	242	15839	1019	0.119	28.891	2.329	1.728	34.740	20.805	41.217	2.350	30.614	0.005521
2FD5	A	179	11220	780	0.113	20.252	2.483	1.706	37.564	19.744	39.359	2.379	20.040	0.007932
1JLW	A	216	15927	1021	0.118	25.482	2.429	2.069	30.852	20.764	43.976	2.237	27.420	0.009535
1S1E	A	180	12826	802	0.110	19.876	2.514	1.696	34.788	21.945	38.279	2.445	19.742	0.012118
1IXC	A	292	17595	1197	0.133	38.824	1.802	2.137	27.736	16.374	52.297	1.893	35.956	0.004822
1H1O	A	171	12121	792	0.156	26.733	2.227	2.151	28.914	19.444	46.717	2.136	26.944	0.013115
1XL3	A	205	11194	742	0.078	16.008	2.199	1.311	45.553	15.499	36.388	2.372	14.863	0.004312
2E2R	A	227	16645	1006	0.135	30.546	2.360	1.943	34.791	18.688	44.036	2.228	34.473	0.004790
2VKV	A	199	12734	791	0.091	18.124	2.475	1.380	40.455	22.124	34.893	2.599	17.742	0.005000
1S6C	A	177	11164	688	0.096	17.012	2.303	1.382	36.483	23.110	35.756	2.555	14.895	0.010068
2JEK	A	139	9722	649	0.145	20.096	2.350	2.143	32.820	17.874	46.225	2.120	20.539	0.009847
1DK8	A	146	9977	577	0.141	20.522	2.463	1.367	38.821	23.917	34.835	2.679	19.520	0.006201
1GYG	A	369	27545	1776	0.132	48.845	1.803	2.870	22.860	14.696	59.797	1.619	51.967	0.003353
2PQ7	A	215	12204	721	0.092	19.869	1.870	1.324	38.419	17.614	39.667	2.269	16.259	0.006580
2FQ4	A	183	11421	766	0.091	16.658	2.462	1.554	37.206	21.932	37.337	2.483	17.356	0.007916
1P4X	A	249	17188	1075	0.133	32.997	2.280	1.860	32.744	20.279	43.256	2.268	33.488	0.006528
1J02	A	211	16466	966	0.166	35.083	2.538	1.943	36.232	19.462	42.650	2.312	36.879	0.003449
2FBQ	A	212	14132	879	0.097	20.567	2.460	1.592	39.135	20.478	38.567	2.446	21.755	0.003571
1XAP	A	234	15999	1057	0.136	31.912	2.328	2.051	33.396	18.354	45.601	2.171	35.297	0.005143
1RTW	A	204	15786	926	0.197	40.203	2.468	2.010	37.473	17.171	44.492	2.202	37.595	0.001927
1Y67	A	212	15274	967	0.145	30.688	2.052	2.319	28.542	16.649	51.086	1.927	30.857	0.007715
1F3A	A	220	14840	969	0.130	28.560	2.407	1.810	32.611	22.291	41.280	2.396	26.963	0.007494
1HX8	A	277	18401	1227	0.085	23.660	2.295	2.025	33.659	18.337	45.884	2.168	23.026	0.003170
2OYO	A	185	12240	792	0.149	27.648	2.333	1.753	35.354	19.444	41.162	2.303	26.942	0.009250
1IHG	A	363	25080	1711	0.091	33.020	1.909	2.615	25.190	15.430	55.640	1.749	31.562	0.004785
1K3Y	A	220	15492	971	0.137	30.093	2.398	1.814	32.544	22.039	41.298	2.376	30.115	0.008108
2O70	A	164	10896	709	0.121	19.820	2.448	1.733	35.825	21.157	40.339	2.433	20.030	0.007089
1GUX	A	197	12531	783	0.109	21.442	2.268	1.596	36.271	21.073	40.358	2.420	19.880	0.004668
1N45	A	213	15602	963	0.169	36.005	2.514	1.916	36.552	19.315	42.575	2.314	38.126	0.003188
1NIR	A	537	38538	2630	0.081	43.621	1.299	3.240	14.373	12.205	66.274	1.249	45.475	0.006488
2ABK	A	210	14240	937	0.130	27.365	2.318	1.948	31.804	20.384	43.863	2.248	26.190	0.008288
1RKT	A	203	13790	829	0.091	18.418	2.529	1.422	41.496	20.748	34.982	2.556	18.455	0.005503
1BOU	A	131	7843	489	0.123	16.076	2.371	1.159	39.877	24.131	31.288	2.751	13.865	0.012856
3D24	A	226	13594	947	0.142	32.168	2.233	1.802	34.636	18.902	43.189	2.230	31.876	0.005880
1BT3	A	340	26204	1730	0.202	68.615	1.848	3.035	22.081	14.335	59.827	1.586	68.116	0.005427
2A2R	A	209	14648	948	0.148	30.877	2.367	1.957	31.751	20.675	43.354	2.267	28.569	0.008957
1GXM	A	323	25963	1651	0.103	33.112	2.022	2.858	23.985	15.687	56.087	1.729	34.751	0.006659
2G5C	A	279	17370	1162	0.088	24.635	1.907	2.136	31.153	14.802	51.463	1.886	24.734	0.003673
2A2M	A	230	16532	1009	0.197	45.290	2.182	2.108	34.787	15.164	48.266	2.008	44.741	0.003242
2OI8	A	208	11712	792	0.090	18.713	2.239	1.435	39.268	19.823	37.879	2.422	17.475	0.005449
1F7C	A	190	12231	822	0.149	28.331	2.241	1.990	33.820	18.248	46.229	2.180	26.485	0.003509
2F4M	A	294	21270	1298	0.103	30.286	1.888	2.285	25.501	17.411	51.926	1.881	32.871	0.007699
3BU8	A	203	13700	873	0.111	22.450	2.515	1.642	38.259	20.504	38.373	2.441	21.903	0.006031
1KV9	A	663	50288	3535	0.107	71.227	1.322	3.730	13.918	10.919	70.071	1.148	76.049	0.004064
1AF7	A	273	19226	1225	0.111	30.353	1.803	2.536	24.980	15.347	56.735	1.749	31.478	0.004769
2PRR	A	189	11666	759	0.139	26.273	2.221	1.605	37.286	18.314	40.184	2.296	25.221	0.008753
1KU1	A	768	14100	884	0.035	27.254	0.619	0.492	34.276	19.570	42.760	2.278	18.410	0.000484
2AL6	A	372	23468	1493	0.117	43.351	1.563	2.244	23.309	15.740	56.062	1.726	44.880	0.005225
1H99	A	221	14268	903	0.079	17.356	2.383	1.617	37.763	20.819	39.756	2.442	17.536	0.002902
1G8I	A	186	12908	766	0.102	19.038	2.406	1.487	35.509	23.238	36.292	2.535	16.653	0.010495
1O9D	A	235	16405	1018	0.064	14.936	2.665	1.572	39.587	22.200	36.444	2.555	13.890	0.003160
1XKP	A	236	12255	810	0.072	16.910	2.063	1.278	42.840	17.531	37.407	2.414	15.883	0.003258
2D6Y	A	185	11298	739	0.089	16.545	2.484	1.344	41.001	21.516	33.829	2.578	15.886	0.007660
1JS8	A	389	28785	1885	0.139	54.071	1.785	2.851	22.016	14.907	58.992	1.630	54.875	0.004997
2FNO	A	238	15751	1028	0.123	29.165	2.238	1.904	31.615	20.428	44.261	2.246	28.256	0.006565
1HH8	A	191	14155	893	0.125	23.794	2.365	2.135	32.363	18.477	45.913	2.146	22.938	0.007894
2O4J	A	298	17157	1092	0.129	38.543	1.903	1.635	33.974	18.132	44.780	2.168	33.772	0.003770
1PBW	A	183	12770	813	0.144	26.420	2.337	1.989	34.194	18.696	45.018	2.228	27.204	0.004933
1UI5	A	207	12203	828	0.096	19.907	2.327	1.558	39.372	19.082	39.130	2.391	18.754	0.004623
1KS9	A	290	19998	1368	0.099	28.593	1.814	2.725	24.342	14.254	57.968	1.643	28.887	0.005680
2QGS	A	214	12685	813	0.093	19.835	2.191	1.479	39.606	18.327	39.114	2.378	18.779	0.005170
1VZ0	A	186	9969	651	0.058	10.780	2.150	1.198	38.863	22.888	34.409	2.611	9.811	0.007149
2O02	A	229	18050	1021	0.065	14.773	2.639	1.696	38.296	21.156	38.198	2.454	14.249	0.004480
1H6G	A	253	15519	1058	0.076	19.276	2.602	1.512	41.871	20.605	36.295	2.531	19.698	0.002000
1WZD	A	208	15520	953	0.166	34.446	2.517	1.962	36.201	18.993	43.022	2.275	36.292	0.003777
1N1C	A	206	9935	633	0.050	10.361	2.304	0.681	50.711	24.645	22.275	3.084	8.445	0.003081
1QKS	A	558	42759	2874	0.096	53.372	1.258	3.564	13.396	11.065	69.311	1.144	54.819	0.005722
1RP3	A	234	14450	965	0.082	19.173	2.626	1.396	41.140	22.798	33.990	2.661	19.245	0.003694
1BI0	A	222	14018	898	0.096	21.417	1.901	1.955	28.731	18.486	48.552	2.048	19.769	0.007481
2ZFD	A	182	12073	763	0.111	20.267	2.448	1.443	35.911	22.805	34.600	2.548	19.168	0.015139
2VAN	A	244	17181	1065	0.101	24.719	1.922	2.188	26.103	18.122	50.329	1.961	23.025	0.009479
3BQO	A	206	13477	866	0.105	21.634	2.551	1.522	38.915	22.055	36.374	2.543	20.758	0.005181
1W2Y	A	228	16502	1015	0.124	28.183	2.406	1.895	33.892	20.394	42.759	2.296	29.187	0.005492
1IAP	A	189	12687	841	0.141	26.706	2.595	1.689	36.742	21.879	38.169	2.504	29.818	0.007479
1A04	A	211	13561	952	0.118	24.978	1.920	2.453	26.050	16.702	54.622	1.845	25.672	0.005651
1SGM	A	183	12273	833	0.109	19.988	2.652	1.723	37.815	20.768	38.055	2.449	19.043	0.008211
1N46	A	250	17451	1149	0.147	36.737	2.271	2.191	31.941	17.668	47.868	2.070	39.593	0.004397
2HUO	A	257	20008	1275	0.187	48.046	2.097	2.709	27.608	14.824	54.824	1.776	46.849	0.005303
2G7G	A	196	12552	781	0.096	18.757	2.350	1.497	38.924	20.359	37.772	2.438	18.074	0.005798
1HG4	A	264	16138	1073	0.164	43.224	2.136	1.811	34.390	18.360	44.734	2.190	38.983	0.003859
1KHO	A	369	28228	1822	0.132	48.593	1.841	2.968	23.161	14.215	60.263	1.604	53.273	0.003075
1A26	A	350	24022	1602	0.145	50.704	1.587	2.877	22.035	12.734	63.046	1.471	50.964	0.002784
1K0M	A	234	15271	1022	0.142	33.305	2.055	2.119	29.061	18.200	48.728	2.036	32.575	0.007261
1EMU	A	131	9596	564	0.159	20.860	2.629	1.523	38.830	22.695	35.638	2.603	19.812	0.008781
2GFN	A	195	11963	815	0.090	17.639	2.474	1.546	38.282	21.227	37.178	2.482	17.274	0.006898
1HU3	A	985	11860	802	0.023	22.727	0.492	0.300	42.269	18.204	36.908	2.446	12.761	0.000197
