p.ID	Chain	length	Atom_Con	Res_Cont	RCO	ACO	SRO	LRO	SR_per	MR_per	LR_per	LCO	NlCO	TCD
1AYI	c	85	4876	313	0.183	15.557	2.186	1.314	36.741	23.323	36.102	2.588	14.444	0.015684
1BA5	c	52	12934	243	0.215	11.194	2.566	1.830	31.276	24.691	39.918	2.527	10.074	0.034888
1BDD_2-59	c	59	13492	282	0.203	11.954	2.833	1.683	34.043	26.241	35.816	2.695	10.021	0.031667
1CUN_7-112	c	105	7058	421	0.180	18.867	2.698	1.217	44.656	23.278	30.641	2.767	16.884	0.005518
1CUN_113-219	c	106	6738	437	0.183	19.380	2.738	1.290	44.394	22.654	31.579	2.712	17.325	0.005415
1E41_93-192	c	99	27785	613	0.173	17.131	3.310	2.560	28.222	25.775	41.762	2.488	17.646	0.025700
1FEX	c	58	13113	280	0.214	12.439	2.729	1.814	31.429	26.071	38.214	2.586	11.418	0.034186
1IDY	c	53	11795	229	0.196	10.377	2.852	1.204	36.245	31.004	28.384	3.066	7.825	0.035322
1IMQ	c	85	24539	521	0.229	19.506	2.837	2.860	24.184	22.649	47.217	2.155	18.069	0.042185
1L2Y	c	19	3088	62	0.368	6.990	2.300	0.500	38.710	35.484	16.129	3.403	2.403	0.147500
