p.ID	Chain	length	Atom_Con	Res_Cont	RCO	ACO	SRO	LRO	SR_per	MR_per	LR_per	LCO	NlCO	TCD
3GB1	A	55	11968	265	0.330	18.157	1.821	2.518	18.868	19.623	53.208	1.834	15.185	0.070472
2VIK	A	125	34533	765	0.228	28.495	1.897	3.865	17.124	14.118	63.660	1.424	27.562	0.024313
2LZM	A	163	11226	710	0.122	19.862	2.476	1.652	33.944	23.239	38.169	2.520	18.094	0.012158
2VIK	A	125	34533	765	0.228	28.495	1.897	3.865	17.124	14.118	63.660	1.424	27.562	0.024313
1SPR	A	102	10039	454	0.201	20.506	1.641	2.350	19.604	17.621	53.304	1.738	20.839	0.040532
1FKF	A	106	6861	440	0.312	33.087	1.187	2.729	16.136	12.727	66.364	1.327	31.761	0.018168
1BNI	A	107	7230	436	0.199	21.262	1.509	2.250	20.872	16.514	55.734	1.709	20.716	0.025463
1RIS	A	96	6312	384	0.344	33.040	1.309	2.536	21.615	11.458	64.062	1.396	30.898	0.011372
1APS	A	97	9582	466	0.383	37.146	1.439	3.153	19.313	10.944	66.309	1.283	31.719	0.016556
2ACY	A	97	6592	421	0.350	33.968	1.245	2.918	17.577	11.401	67.933	1.252	31.492	0.013640
1N88	A	95	27410	549	0.275	26.085	1.740	3.771	18.397	12.022	65.938	1.332	25.233	0.021484
1DIV	A	148	13145	612	0.124	18.348	2.020	1.933	27.451	21.732	47.059	2.206	16.917	0.010270
1GXT	A	87	6011	359	0.378	32.877	1.170	2.795	18.663	10.028	68.524	1.198	30.535	0.012526
1POH	A	84	5170	363	0.316	26.551	1.718	2.376	24.793	15.427	55.647	1.763	24.700	0.021038
1RFA	A	77	22132	444	0.302	23.273	1.782	3.500	15.991	15.315	61.486	1.491	21.448	0.052761
2PTL	A	77	15017	349	0.264	20.316	1.551	2.628	20.917	13.754	58.739	1.553	16.779	0.037968
1UBQ	A	75	4462	279	0.277	20.767	1.316	2.092	19.713	16.129	56.989	1.638	19.713	0.035145
2CI2	I	64	3562	233	0.298	19.099	1.246	2.231	20.172	14.592	62.232	1.588	18.185	0.016095
3GB1	A	55	11968	265	0.330	18.157	1.821	2.518	18.868	19.623	53.208	1.834	15.185	0.070472
1DIV	A	148	13145	612	0.124	18.348	2.020	1.933	27.451	21.732	47.059	2.206	16.917	0.010270
1T8J	A	22	3602	67	0.253	5.559	2.435	0.217	50.746	32.836	7.463	3.642	1.015	0.113422
1PHP	A	393	26922	1929	0.117	45.924	1.713	3.061	22.395	12.597	62.519	1.485	44.976	0.003111
1RA9	A	158	10002	646	0.260	41.020	1.145	2.786	17.337	10.836	68.576	1.220	40.407	0.008386
2RN2	A	154	10223	691	0.220	33.842	1.632	2.690	21.997	14.616	60.347	1.601	35.250	0.008741
1AON	A	523	33822	2502	0.149	77.870	2.046	2.563	26.299	16.547	53.677	1.835	88.832	0.003150
3CHY	A	127	8668	558	0.151	19.238	1.867	2.383	25.090	17.742	54.659	1.892	20.020	0.008423
1LOP	A	163	16591	818	0.267	43.442	1.378	3.341	16.015	11.614	66.993	1.244	42.855	0.016211
1CBI	A	135	13117	585	0.247	33.312	1.331	2.551	14.701	16.239	59.316	1.503	29.185	0.030547
1OPA	A	132	8937	520	0.247	32.646	1.083	2.474	13.077	14.615	63.269	1.365	29.487	0.026174
1IFC	A	130	35749	535	0.238	30.934	1.221	2.443	14.579	15.327	59.813	1.443	27.837	0.031875
1EAL	A	126	29896	634	0.245	30.891	1.378	3.134	12.303	15.300	62.776	1.371	29.852	0.037324
1HNG	A	174	10878	675	0.174	30.329	0.869	2.680	10.074	12.444	69.481	1.138	28.526	0.017567
1FNF	A	94	5809	367	0.319	29.999	0.632	2.968	7.357	8.992	76.839	0.831	29.837	0.027812
1WIT	A	92	25460	562	0.353	32.446	1.151	4.591	9.786	9.253	75.979	0.916	31.311	0.032258
1PNJ	A	83	16715	404	0.333	27.635	1.369	3.179	16.832	11.634	66.089	1.302	24.666	0.030896
1TEN	A	89	8105	369	0.305	27.134	0.811	3.022	10.840	8.943	73.713	0.927	28.087	0.029506
1FNF	A	94	5809	367	0.319	29.999	0.632	2.968	7.357	8.992	76.839	0.831	29.837	0.027812
1TIT	A	88	20122	453	0.351	30.852	1.034	3.787	9.492	10.817	74.393	1.000	29.442	0.030299
1M9S	A	593	35220	2277	0.042	24.711	0.891	2.746	15.679	7.554	71.629	0.989	23.646	0.003336
1MJC	A	68	3881	255	0.295	20.072	0.986	2.377	12.549	14.118	64.314	1.325	19.008	0.048309
1PSF	A	68	14685	327	0.358	24.377	1.203	3.217	16.514	8.869	67.890	1.098	21.453	0.046209
1JO8	A	57	4049	228	0.345	19.679	1.017	2.569	11.842	14.035	65.351	1.311	17.741	0.060048
1CSP	A	66	3718	239	0.299	19.728	0.881	2.373	10.460	14.226	66.527	1.268	18.536	0.046558
1G6P	A	65	17883	381	0.315	20.487	1.273	4.106	11.286	10.761	71.129	1.060	19.570	0.059458
1C9O	A	65	4224	236	0.319	20.753	0.955	2.303	11.864	14.831	64.407	1.347	17.915	0.047980
1SHG	A	56	3668	221	0.341	19.093	0.965	2.561	11.765	13.122	66.063	1.244	17.706	0.061250
1RLQ	C	55	12207	268	0.375	20.598	1.286	3.107	13.806	13.060	64.925	1.310	17.996	0.070472
1JMQ	A	45	9473	184	0.330	14.850	1.500	2.130	20.109	17.391	53.261	1.750	11.745	0.080340
1E0L	A	36	7102	129	0.321	11.569	1.351	1.703	21.705	17.054	48.837	1.783	9.605	0.119065
1E0M	A	36	7388	137	0.311	11.208	1.649	1.595	23.358	21.168	43.066	2.139	8.073	0.126370
1PIN	A	157	10275	641	0.200	31.427	1.551	2.259	21.373	16.849	55.694	1.741	30.906	0.015342
1PGB	A	55	3361	193	0.308	16.953	1.393	1.786	22.280	18.135	51.813	1.850	14.959	0.047513
1A6N	A	150	12953	681	0.153	22.954	2.709	1.709	38.032	22.026	37.885	2.518	22.789	0.006228
2A5E	A	155	39965	1023	0.103	16.033	2.891	3.244	22.581	21.505	49.462	2.063	14.289	0.027161
1U5P	A	210	17432	894	0.097	20.304	2.744	1.436	41.834	22.931	33.893	2.670	19.198	0.002785
256B	A	105	6644	439	0.130	13.653	2.528	1.528	40.319	20.729	36.902	2.513	14.870	0.007565
1AYI	A	85	4876	313	0.183	15.557	2.186	1.314	36.741	23.323	36.102	2.588	14.444	0.015684
1IMQ	A	85	24539	521	0.229	19.506	2.837	2.860	24.184	22.649	47.217	2.155	18.069	0.042185
1JYG	A	68	20034	406	0.202	13.763	3.275	2.261	27.833	27.833	38.424	2.601	11.581	0.051460
1NTI	A	85	24587	509	0.246	20.906	2.907	2.919	26.719	22.397	49.312	2.210	20.635	0.010817
2A3D	A	72	16074	346	0.215	15.464	2.918	1.699	38.728	22.832	35.838	2.590	13.162	0.017076
2CRO	A	64	4030	246	0.198	12.656	2.369	1.215	37.398	25.203	32.114	2.703	10.805	0.031006
1GV2	A	102	6609	370	0.114	11.584	2.214	1.223	38.378	23.243	34.054	2.635	9.881	0.016024
1FEX	A	58	13113	280	0.214	12.439	2.729	1.814	31.429	26.071	38.214	2.586	11.418	0.034186
1ENH	A	53	3676	194	0.230	12.211	2.352	1.111	40.206	25.258	30.928	2.794	9.237	0.024691
1BDD	A	59	13492	282	0.203	11.954	2.833	1.683	34.043	26.241	35.816	2.695	10.021	0.031667
1PRB	A	52	12814	268	0.235	12.212	2.736	2.094	32.836	21.269	41.418	2.336	10.328	0.042364
1VII	A	35	8338	144	0.207	7.243	2.750	0.972	36.111	32.639	24.306	3.194	5.139	0.077160
