p.ID	Chain	length	Atom_Con	Res_Cont	RCO	ACO	SRO	LRO	SR_per	MR_per	LR_per	LCO	NlCO	TCD
1AYI	c	85	4876	313	0.183	15.557	2.186	1.314	36.741	23.323	36.102	2.588	14.444	0.015684
1BA5	c	52	12934	243	0.215	11.194	2.566	1.830	31.276	24.691	39.918	2.527	10.074	0.034888
1BDD_2-59	c	59	13492	282	0.203	11.954	2.833	1.683	34.043	26.241	35.816	2.695	10.021	0.031667
1CUN_7-112	c	105	7058	421	0.180	18.867	2.698	1.217	44.656	23.278	30.641	2.767	16.884	0.005518
1CUN_113-219	c	106	6738	437	0.183	19.380	2.738	1.290	44.394	22.654	31.579	2.712	17.325	0.005415
1E41_93-192	c	99	27785	613	0.173	17.131	3.310	2.560	28.222	25.775	41.762	2.488	17.646	0.025700
1FEX	c	58	13113	280	0.214	12.439	2.729	1.814	31.429	26.071	38.214	2.586	11.418	0.034186
1IDY	c	53	11795	229	0.196	10.377	2.852	1.204	36.245	31.004	28.384	3.066	7.825	0.035322
1IMQ	c	85	24539	521	0.229	19.506	2.837	2.860	24.184	22.649	47.217	2.155	18.069	0.042185
1L2Y	c	19	3088	62	0.368	6.990	2.300	0.500	38.710	35.484	16.129	3.403	2.403	0.147500
1L8W_29-335	c	307	17394	1372	0.138	42.217	1.961	2.412	30.758	13.265	54.155	1.762	44.820	0.002678
1NTI	c	85	24587	509	0.246	20.906	2.907	2.919	26.719	22.397	49.312	2.210	20.635	0.010817
1RYK	c	68	19771	391	0.199	13.529	2.928	2.435	28.133	23.529	42.967	2.340	12.852	0.044739
1T8J	c	22	3602	67	0.253	5.559	2.435	0.217	50.746	32.836	7.463	3.642	1.015	0.113422
1U5P	c	210	17432	894	0.097	20.304	2.744	1.436	41.834	22.931	33.893	2.670	19.198	0.002785
1VII	c	35	8338	144	0.207	7.243	2.750	0.972	36.111	32.639	24.306	3.194	5.139	0.077160
1W4G	c	44	10193	219	0.261	11.493	2.467	2.044	25.114	25.571	42.009	2.361	9.132	0.078519
1W4H	c	44	9796	196	0.247	10.873	2.378	1.667	29.592	25.000	38.265	2.480	8.490	0.068642
1W4J	c	50	10408	234	0.219	10.954	2.431	1.882	29.487	23.504	41.026	2.368	9.282	0.053441
2A3D	c	72	16074	346	0.215	15.464	2.918	1.699	38.728	22.832	35.838	2.590	13.162	0.017076
2PDD	c	42	7910	182	0.252	10.592	2.372	1.558	33.516	22.527	36.813	2.451	8.000	0.070308
2WXC	c	46	9326	190	0.210	9.677	2.340	1.383	30.000	27.895	34.211	2.679	7.463	0.066546
1C9O	c	65	4224	236	0.319	20.753	0.955	2.303	11.864	14.831	64.407	1.347	17.915	0.047980
1CSP	c	66	3718	239	0.299	19.728	0.881	2.373	10.460	14.226	66.527	1.268	18.536	0.046558
1E0L	c	36	7102	129	0.321	11.569	1.351	1.703	21.705	17.054	48.837	1.783	9.605	0.119065
1E0M	c	36	7388	137	0.311	11.208	1.649	1.595	23.358	21.168	43.066	2.139	8.073	0.126370
1FNF	c	94	5809	367	0.319	29.999	0.632	2.968	7.357	8.992	76.839	0.831	29.837	0.027812
1G6P	c	65	17883	381	0.315	20.487	1.273	4.106	11.286	10.761	71.129	1.060	19.570	0.059458
1HCD	c	117	26609	630	0.218	25.557	1.585	3.271	12.857	16.825	61.270	1.524	24.737	0.040290
1JIC	c	61	10528	223	0.212	12.908	1.500	1.710	21.973	19.731	47.534	1.982	12.072	0.061655
1JO8	c	57	4049	228	0.345	19.679	1.017	2.569	11.842	14.035	65.351	1.311	17.741	0.060048
1K8M	c	86	20529	392	0.364	31.267	0.862	3.460	10.969	8.163	76.786	0.844	28.839	0.021139
1K9Q_5-44	c	39	8210	151	0.352	13.721	1.375	2.025	20.530	15.894	53.642	1.695	11.404	0.095000
1M9S_391-466	c	147	4763	277	0.167	24.482	0.514	1.209	15.884	11.552	64.621	1.271	22.819	0.010135
1MJC	c	68	3881	255	0.295	20.072	0.986	2.377	12.549	14.118	64.314	1.325	19.008	0.048309
1PGB_41-56	c	15	617	27	0.539	8.083	0.875	0.438	22.222	29.630	25.926	2.667	3.444	0.234375
1PIN_6-39	c	33	1878	92	0.358	11.809	1.147	1.147	18.478	23.913	42.391	2.152	8.261	0.122837
1PNJ	c	83	16715	404	0.333	27.635	1.369	3.179	16.832	11.634	66.089	1.302	24.666	0.030896
1QTU_1-109	c	108	31952	621	0.256	27.655	1.367	3.872	11.755	12.238	67.955	1.161	28.052	0.042252
1SHF	c	58	3540	219	0.331	19.207	0.983	2.390	11.872	14.612	64.384	1.338	17.447	0.057742
1SHG	c	56	3668	221	0.341	19.093	0.965	2.561	11.765	13.122	66.063	1.244	17.706	0.061250
1SRL	c	55	12239	281	0.370	20.334	1.411	3.214	15.302	12.811	64.057	1.345	17.630	0.070472
1TEN	c	89	8105	369	0.305	27.134	0.811	3.022	10.840	8.943	73.713	0.927	28.087	0.029506
1WIT	c	92	25460	562	0.353	32.446	1.151	4.591	9.786	9.253	75.979	0.916	31.311	0.032258
2VKN	c	65	3996	236	0.372	24.190	0.803	2.455	11.017	11.441	68.644	1.119	21.436	0.047980
3O49	c	126	9189	538	0.209	26.394	1.236	2.646	13.011	16.171	62.454	1.467	27.264	0.026412
3O4D	c	126	9523	530	0.229	28.906	1.220	2.591	13.019	16.226	62.075	1.470	27.513	0.027094
3PG0	c	139	12324	660	0.271	37.624	1.136	3.243	12.727	11.364	68.788	1.156	33.495	0.023827
1APS	c	97	9582	466	0.383	37.146	1.439	3.153	19.313	10.944	66.309	1.283	31.719	0.016556
1DIV_58-149	c	98	8475	390	0.219	21.418	1.737	2.061	25.385	18.718	52.308	1.951	20.633	0.014080
1DIV_1-56	c	49	4142	198	0.260	12.725	2.240	1.540	31.313	25.253	38.889	2.566	10.364	0.036000
1E0G	c	47	11930	236	0.384	18.040	2.167	2.375	22.458	21.610	48.305	2.068	13.254	0.077257
1FKB	c	106	10079	487	0.311	32.913	1.336	2.972	16.838	12.526	65.298	1.329	31.271	0.022622
1FTG	c	167	12199	818	0.163	27.180	1.690	3.065	22.372	12.347	62.958	1.477	27.685	0.006732
1J5U	c	126	8772	504	0.268	33.786	1.220	2.591	17.262	13.492	65.278	1.371	33.113	0.012338
1K0S	c	150	41002	885	0.249	37.365	1.576	3.954	15.367	11.525	67.458	1.238	36.828	0.021490
1LOP	c	163	16591	818	0.267	43.442	1.378	3.341	16.015	11.614	66.993	1.244	42.855	0.016211
1N88	c	95	27410	549	0.275	26.085	1.740	3.771	18.397	12.022	65.938	1.332	25.233	0.021484
1O6X	c	80	18218	380	0.282	22.529	1.852	2.568	20.789	18.684	54.737	1.824	21.082	0.033531
1PGB	c	55	3361	193	0.308	16.953	1.393	1.786	22.280	18.135	51.813	1.850	14.959	0.047513
1POH	c	84	5170	363	0.316	26.551	1.718	2.376	24.793	15.427	55.647	1.763	24.700	0.021038
1PRS_91-173	c	82	20865	455	0.301	24.664	1.410	3.771	15.385	10.330	68.791	1.141	23.967	0.035419
1PRS_1-90	c	89	21759	478	0.272	24.186	1.344	3.700	13.808	11.506	69.665	1.184	23.762	0.029136
1RFA	c	77	22132	444	0.302	23.273	1.782	3.500	15.991	15.315	61.486	1.491	21.448	0.052761
1RIS	c	96	6312	384	0.344	33.040	1.309	2.536	21.615	11.458	64.062	1.396	30.898	0.011372
1SPR	c	102	10039	454	0.201	20.506	1.641	2.350	19.604	17.621	53.304	1.738	20.839	0.040532
1UBQ	c	75	4462	279	0.277	20.767	1.316	2.092	19.713	16.129	56.989	1.638	19.713	0.035145
1URN	c	20	490	12	0.650	13.006	0.000	0.381	0.000	0.000	66.667	0.000	9.583	0.092971
2ACY	c	97	6592	421	0.350	33.968	1.245	2.918	17.577	11.401	67.933	1.252	31.492	0.013640
2CI2	c	64	3562	233	0.298	19.099	1.246	2.231	20.172	14.592	62.232	1.588	18.185	0.016095
2PTL_18-77	c	59	14192	315	0.350	20.654	1.717	3.150	17.460	15.238	60.000	1.533	17.229	0.064167
1AUE	c	91	9903	444	0.170	15.489	2.957	1.750	37.162	24.099	36.261	2.601	14.194	0.012524
1BD8	c	155	9539	695	0.089	13.865	2.244	1.968	29.784	20.576	44.173	2.206	12.983	0.015450
1ENH	c	53	3676	194	0.230	12.211	2.352	1.111	40.206	25.258	30.928	2.794	9.237	0.024691
1ST7	c	85	22756	483	0.244	20.765	2.814	2.721	29.607	20.497	48.447	2.182	20.337	0.009465
1UZC	c	68	20386	400	0.233	15.811	2.855	2.667	27.000	22.250	46.000	2.212	14.033	0.039488
2A5E_9-156	c	147	39630	1007	0.110	16.133	2.939	3.419	21.847	21.351	50.248	2.029	14.516	0.030177
2CRO	c	64	4030	246	0.198	12.656	2.369	1.215	37.398	25.203	32.114	2.703	10.805	0.031006
2LZM	c	163	11226	710	0.122	19.862	2.476	1.652	33.944	23.239	38.169	2.520	18.094	0.012158
2MYO	c	117	29388	721	0.127	14.908	2.881	2.847	26.491	20.666	46.602	2.136	13.687	0.032031
1EAL	c	126	29896	634	0.245	30.891	1.378	3.134	12.303	15.300	62.776	1.371	29.852	0.037324
1IFC	c	130	35749	535	0.238	30.934	1.221	2.443	14.579	15.327	59.813	1.443	27.837	0.031875
1JQZ	c	136	9892	637	0.236	32.115	1.241	3.058	13.501	13.187	65.777	1.295	32.958	0.025308
1OPA	c	132	8937	520	0.247	32.646	1.083	2.474	13.077	14.615	63.269	1.365	29.487	0.026174
1TIU	c	88	19917	450	0.342	30.137	1.045	3.719	10.222	10.444	73.556	0.998	28.656	0.032950
1TTF	c	93	15243	386	0.278	25.840	0.915	2.904	13.212	9.067	70.725	1.023	24.710	0.030330
1AON_191-345	c	154	9522	689	0.248	38.230	1.619	2.658	21.045	15.385	59.797	1.624	37.051	0.010614
1BFE	c	109	6530	449	0.260	28.345	1.373	2.491	19.376	14.254	61.024	1.519	26.078	0.019917
1BTA	c	88	27750	593	0.232	20.447	2.708	3.562	21.417	19.224	53.457	1.884	19.047	0.044060
1CBI	c	135	13117	585	0.247	33.312	1.331	2.551	14.701	16.239	59.316	1.503	29.185	0.030547
1GM1	c	93	20946	494	0.330	30.664	1.553	3.521	15.992	13.563	67.004	1.352	27.575	0.018787
1GXT	c	87	6011	359	0.378	32.877	1.170	2.795	18.663	10.028	68.524	1.198	30.535	0.012526
1IGS_27-248	c	221	15951	1072	0.144	31.824	1.757	2.910	21.735	14.646	60.261	1.593	34.688	0.007264
1JOO	c	148	33863	793	0.171	25.345	1.973	3.107	21.438	15.637	58.386	1.670	24.961	0.016170
1PHP_176-394	c	173	11211	807	0.166	28.759	1.684	2.839	23.296	13.011	61.214	1.555	30.208	0.006738
1PHP_1-175	c	174	11455	795	0.204	35.538	1.600	2.829	22.516	12.704	62.264	1.493	35.058	0.006629
1QOP	c	266	19052	1318	0.141	37.544	1.970	2.839	24.962	14.947	57.511	1.710	40.414	0.004755
1RA9	c	158	10002	646	0.260	41.020	1.145	2.786	17.337	10.836	68.576	1.220	40.407	0.008386
1SCE	c	96	4355	259	0.156	14.999	1.299	1.186	28.958	19.691	44.402	2.216	15.274	0.019343
1V9E	c	258	20012	1261	0.235	60.600	1.124	3.517	13.878	9.199	72.244	1.036	62.780	0.008795
2RN2	c	154	10223	691	0.220	33.842	1.632	2.690	21.997	14.616	60.347	1.601	35.250	0.008741
2VIK	c	125	34533	765	0.228	28.495	1.897	3.865	17.124	14.118	63.660	1.424	27.562	0.024313
3CHY	c	127	8668	558	0.151	19.238	1.867	2.383	25.090	17.742	54.659	1.892	20.020	0.008423
3H08	c	143	10418	640	0.207	29.577	1.743	2.528	23.281	15.937	56.875	1.700	29.006	0.011478
