p.ID	Chain	length	Atom_Con	Res_Cont	RCO	ACO	SRO	LRO	SR_per	MR_per	LR_per	LCO	NlCO	TCD
1AYI	chain	85	138	138	0.104	8.812	1.442	0.151	86.232	3.623	9.420	2.399	6.348	0.001217
1BA5	chain	52	81	81	0.061	3.148	1.472	0.038	95.062	1.235	2.469	2.642	0.481	0.000000
1BDD_2-59	chain	59	97	97	0.058	3.423	1.550	0.050	94.845	1.031	3.093	2.557	0.845	0.000000
1CUN_7-112	chain	105	203	203	0.038	3.966	1.849	0.038	94.581	1.970	1.970	2.502	1.419	0.000000
1CUN_113-219	chain	106	209	209	0.035	3.713	1.897	0.037	95.694	1.435	1.914	2.541	1.148	0.000000
1E41_93-192	chain	99	206	206	0.060	5.947	1.890	0.140	88.835	2.913	6.796	2.578	3.262	0.002000
1FEX	chain	58	96	96	0.055	3.188	1.559	0.034	90.625	5.208	2.083	2.812	0.260	0.002585
1IDY	chain	53	90	90	0.053	2.789	1.667	0.000	97.778	2.222	0.000	2.789	0.000	0.000000
1IMQ	chain	85	158	158	0.106	9.013	1.570	0.233	80.380	5.063	12.658	2.430	6.399	0.003921
1L2Y	chain	19	24	24	0.140	2.667	1.100	0.000	87.500	4.167	0.000	2.458	0.000	0.000000
1L8W_29-335	chain	306	610	610	0.069	21.057	1.453	0.515	71.639	1.475	25.902	1.944	18.226	0.000668
1NTI	chain	85	169	169	0.081	6.876	1.756	0.209	88.166	1.183	10.651	2.515	4.361	0.000000
1RYK	chain	68	126	126	0.065	4.397	1.725	0.087	90.476	3.968	4.762	2.651	1.659	0.002310
1T8J	chain	22	33	33	0.147	3.242	1.304	0.000	87.879	3.030	0.000	2.485	0.000	0.000000
1U5P	chain	210	472	405	0.018	3.841	1.796	0.043	92.346	1.235	2.222	2.447	1.622	0.000000
1VII	chain	35	57	57	0.102	3.561	1.500	0.056	91.228	3.509	3.509	2.702	0.825	0.000000
1W4G	chain	44	77	77	0.110	4.844	1.533	0.133	80.519	9.091	7.792	2.662	1.909	0.010370
1W4H	chain	44	71	71	0.092	4.028	1.511	0.067	85.915	9.859	4.225	2.873	1.155	0.000000
1W4J	chain	50	92	92	0.105	5.239	1.588	0.176	78.261	9.783	9.783	2.652	2.533	0.000000
2A3D	chain	72	136	136	0.059	4.235	1.767	0.068	94.118	0.735	3.676	2.463	1.735	0.000000
2PDD	chain	42	61	61	0.100	4.197	1.302	0.070	88.525	3.279	4.918	2.459	1.115	0.005949
2WXC	chain	46	67	67	0.097	4.478	1.298	0.085	83.582	7.463	5.970	2.701	1.582	0.004980
1C9O	chain	65	96	96	0.253	16.427	0.561	0.682	25.000	13.542	46.875	1.490	12.677	0.027548
1CSP	chain	66	102	102	0.261	17.245	0.567	0.731	23.529	13.725	48.039	1.490	13.167	0.026732
1E0L	chain	36	41	41	0.196	7.049	0.757	0.189	48.780	19.512	17.073	2.415	3.195	0.043097
1E0M	chain	36	50	50	0.183	6.600	0.919	0.216	48.000	20.000	16.000	2.580	2.580	0.051132
1FNF	chain	94	130	130	0.258	24.215	0.295	0.989	15.385	6.154	72.308	0.769	22.823	0.008975
1G6P	chain	65	104	104	0.269	17.481	0.515	0.833	18.269	14.423	52.885	1.413	13.558	0.027548
1HCD	chain	117	144	144	0.148	17.299	0.576	0.475	22.917	24.306	38.889	2.208	13.701	0.014364
1JIC	chain	61	62	62	0.119	7.274	0.613	0.226	43.548	17.742	22.581	2.258	3.323	0.023413
1JO8	chain	57	96	96	0.302	17.198	0.603	0.862	22.917	13.542	52.083	1.396	14.312	0.026754
1K8M	chain	86	107	107	0.313	26.944	0.356	0.828	26.168	2.804	67.290	0.822	25.822	0.003964
1K9Q_5-44	chain	39	49	49	0.187	7.286	0.800	0.200	44.898	20.408	16.327	2.449	3.143	0.050625
1M9S_391-466	chain	147	106	106	0.135	19.906	0.304	0.345	33.962	8.491	48.113	1.377	17.575	0.004611
1MJC	chain	68	108	108	0.239	16.222	0.609	0.768	27.778	11.111	49.074	1.435	13.667	0.024995
1PGB_41-56	chain	15	19	19	0.495	7.421	0.688	0.125	36.842	21.053	10.526	2.316	1.316	0.117188
1PIN_6-39	chain	33	40	40	0.216	7.125	0.735	0.206	40.000	22.500	17.500	2.500	2.625	0.069204
1PNJ	chain	83	95	94	0.231	19.137	0.524	0.536	38.298	8.511	47.872	1.415	17.468	0.005952
1QTU_1-109	chain	108	168	168	0.161	17.375	0.807	0.541	34.524	17.857	35.119	2.054	14.125	0.016749
1SHF	chain	58	89	89	0.279	16.169	0.593	0.763	25.843	13.483	50.562	1.472	13.685	0.025855
1SHG	chain	56	85	85	0.284	15.894	0.579	0.737	25.882	12.941	49.412	1.471	13.235	0.031086
1SRL	chain	55	73	73	0.285	15.658	0.500	0.607	28.767	9.589	46.575	1.274	12.685	0.031888
1TEN	chain	88	125	125	0.258	22.712	0.382	0.921	19.200	8.000	65.600	0.992	20.440	0.010226
1WIT	chain	92	163	163	0.299	27.552	0.591	1.065	24.540	9.202	60.736	1.209	25.577	0.008093
2VKN	chain	65	104	101	0.316	20.529	0.515	0.833	24.752	8.911	54.455	1.168	18.634	0.022727
3O49	chain	126	224	192	0.142	17.862	0.724	0.567	30.729	17.188	37.500	1.880	15.693	0.009858
3O4D	chain	126	230	190	0.157	19.778	0.732	0.520	32.632	16.316	34.737	1.879	14.526	0.009176
3PG0	chain	139	301	260	0.177	24.565	0.729	0.907	30.769	8.462	48.846	1.273	22.700	0.008520
1APS	chain	97	165	165	0.274	26.558	0.806	0.806	43.636	4.242	47.879	1.333	23.939	0.004061
1DIV_58-149	chain	98	161	161	0.149	14.615	1.051	0.525	58.385	6.211	32.298	1.901	12.497	0.003061
1DIV_1-56	chain	49	97	97	0.179	8.784	1.420	0.420	60.825	12.371	21.649	2.402	5.443	0.003600
1E0G	chain	47	75	75	0.280	13.147	1.021	0.521	62.667	2.667	33.333	1.760	11.253	0.004340
1FKB	chain	106	176	176	0.265	28.114	0.692	0.869	35.227	6.818	52.841	1.318	25.148	0.005241
1FTG	chain	167	282	282	0.081	13.525	1.107	0.565	62.766	3.191	33.688	1.787	11.638	0.000000
1J5U	chain	126	191	191	0.208	26.183	0.811	0.654	47.120	6.806	43.455	1.623	24.021	0.003038
1K0S	chain	150	227	227	0.166	24.903	0.781	0.623	39.207	12.775	41.410	1.815	22.463	0.006140
1LOP	chain	163	273	273	0.193	31.451	0.878	0.677	42.125	10.623	40.659	1.736	27.908	0.005317
1N88	chain	95	150	150	0.156	14.807	0.906	0.625	52.667	5.333	40.000	1.727	12.933	0.002170
1O6X	chain	80	109	109	0.183	14.615	0.926	0.395	64.220	4.587	29.358	1.936	12.495	0.003048
1PGB	chain	55	86	86	0.210	11.558	0.982	0.411	52.326	11.628	26.744	2.093	8.337	0.019133
1POH	chain	84	152	152	0.191	16.026	1.165	0.541	59.868	5.263	30.263	1.875	12.980	0.006782
1PRS_91-173	chain	82	137	137	0.252	20.693	0.663	0.904	28.467	11.679	54.745	1.438	18.496	0.008710
1PRS_1-90	chain	89	136	136	0.249	22.132	0.522	0.922	26.471	8.088	61.029	1.176	20.515	0.007407
1RFA	chain	77	139	139	0.243	18.705	0.936	0.679	45.324	7.194	38.129	1.640	15.367	0.016272
1RIS	chain	96	154	154	0.244	23.396	0.887	0.639	52.597	3.247	40.260	1.487	20.792	0.004145
1SPR	chain	102	159	159	0.127	12.931	0.951	0.427	49.686	11.950	27.673	2.031	9.421	0.014704
1UBQ	chain	75	110	110	0.210	15.764	0.868	0.474	50.909	9.091	32.727	1.855	12.536	0.007098
2ACY	chain	97	156	156	0.277	26.827	0.776	0.786	44.872	3.846	49.359	1.353	25.282	0.003124
2CI2	chain	64	95	95	0.241	15.400	0.831	0.631	50.526	6.316	43.158	1.716	13.684	0.000000
2PTL_18-77	chain	59	96	96	0.194	11.458	0.950	0.467	50.000	9.375	29.167	1.865	8.146	0.021667
1AUE	chain	91	186	186	0.035	3.220	1.913	0.065	90.860	3.763	3.226	2.608	0.473	0.002245
1BD8	chain	155	297	297	0.042	6.495	1.615	0.256	77.441	7.407	13.468	2.431	3.956	0.001109
1ENH	chain	53	84	84	0.053	2.786	1.537	0.000	95.238	3.571	0.000	2.655	0.000	0.003772
1ST7	chain	85	173	173	0.078	6.618	1.779	0.209	86.705	1.734	10.405	2.434	3.775	0.000000
1UZC	chain	68	119	119	0.080	5.454	1.536	0.159	84.034	5.042	9.244	2.479	2.882	0.001890
2A5E_9-156	chain	146	289	289	0.050	7.315	1.585	0.313	71.972	8.651	15.917	2.419	4.574	0.004211
2CRO	chain	64	122	122	0.077	4.926	1.677	0.123	81.148	8.197	6.557	2.549	2.107	0.004734
2LZM	chain	163	311	311	0.034	5.595	1.683	0.171	81.672	7.074	9.003	2.543	2.839	0.002454
2MYO	chain	117	198	198	0.053	6.217	1.441	0.195	78.283	7.576	11.616	2.495	3.525	0.002657
1EAL	chain	126	168	168	0.161	20.256	0.661	0.520	33.929	16.071	39.286	1.940	17.256	0.011036
1IFC	chain	130	1235	345	0.102	13.244	0.809	0.656	21.449	9.275	24.928	1.157	9.991	0.013344
1JQZ	chain	136	226	226	0.171	23.239	0.818	0.693	34.513	15.044	42.035	1.836	20.646	0.008951
1OPA	chain	132	195	195	0.169	22.251	0.662	0.639	31.282	13.846	43.590	1.687	19.026	0.011872
1TIU	chain	88	97	97	0.286	25.144	0.326	0.685	20.619	9.278	62.887	1.041	23.371	0.008964
1TTF	chain	93	76	76	0.209	19.395	0.255	0.532	26.316	5.263	65.789	0.882	18.250	0.002263
1AON_191-345	chain	154	289	289	0.176	27.093	1.103	0.742	51.211	7.958	39.792	1.848	25.142	0.001249
1BFE	chain	109	172	172	0.150	16.297	0.927	0.582	48.837	10.465	37.209	1.924	14.023	0.004959
1BTA	chain	88	172	172	0.124	10.913	1.528	0.393	71.512	7.558	20.349	2.314	8.320	0.000000
1CBI	chain	135	216	216	0.160	21.639	0.765	0.669	35.185	12.963	42.130	1.741	18.917	0.011462
1GM1	chain	93	150	150	0.253	23.560	0.755	0.798	42.000	5.333	50.000	1.387	21.907	0.004527
1GXT	chain	87	138	135	0.298	25.913	0.807	0.670	48.148	4.444	43.704	1.481	22.585	0.003874
1IGS_27-248	chain	221	364	364	0.061	13.522	1.194	0.432	66.209	6.593	26.374	2.060	11.385	0.000568
1JOO	chain	148	232	232	0.095	14.004	1.067	0.430	58.621	9.914	27.586	2.129	11.478	0.004144
1PHP_176-394	chain	173	307	307	0.116	20.088	1.057	0.667	55.700	4.235	37.785	1.625	18.300	0.001354
1PHP_1-175	chain	174	301	301	0.127	22.183	1.114	0.594	59.468	5.316	34.551	1.794	19.804	0.000000
1QOP	chain	266	515	504	0.077	20.466	1.307	0.551	66.071	3.175	29.167	1.875	18.611	0.000729
1RA9	chain	158	229	229	0.184	29.031	0.730	0.686	46.725	3.930	47.598	1.393	27.118	0.001187
1SCE	chain	96	93	93	0.047	4.516	0.866	0.062	76.344	13.978	6.452	2.828	1.376	0.003082
1V9E	chain	258	442	442	0.142	36.733	0.753	0.865	37.330	6.787	50.679	1.335	34.894	0.003295
2RN2	chain	154	282	282	0.146	22.454	1.148	0.626	57.092	6.028	34.397	1.865	20.273	0.002497
2VIK	chain	125	206	206	0.144	17.961	0.944	0.619	51.942	5.825	37.864	1.728	15.757	0.004346
3CHY	chain	127	220	220	0.084	10.645	1.250	0.461	66.818	5.909	26.818	2.041	8.027	0.000000
3H08	chain	143	297	264	0.132	18.872	1.097	0.632	54.924	4.924	34.470	1.716	17.197	0.002894
