p.ID	Chain	length	Atom_Con	Res_Cont	RCO	ACO	SRO	LRO	SR_per	MR_per	LR_per	LCO	NlCO	TCD
1AYI	chain	85	271	271	0.130	11.022	2.535	0.523	71.218	9.225	16.605	2.550	8.177	0.007842
1BA5	chain	52	152	152	0.104	5.408	2.415	0.377	78.289	5.921	13.158	2.612	2.632	0.007120
1BDD_2-59	chain	59	190	190	0.119	6.995	2.583	0.467	75.263	6.316	14.737	2.532	4.121	0.017500
1CUN_7-112	chain	105	344	344	0.103	10.808	2.745	0.425	82.267	2.326	13.081	2.567	8.067	0.004539
1CUN_113-219	chain	106	350	350	0.103	10.900	2.757	0.449	82.286	2.000	13.714	2.543	8.063	0.002533
1E41_93-192	chain	99	359	359	0.111	11.036	2.810	0.690	70.752	7.521	19.220	2.510	8.334	0.006000
1FEX	chain	58	180	180	0.091	5.272	2.661	0.288	76.111	11.111	9.444	2.811	2.167	0.014651
1IDY	chain	53	145	145	0.073	3.890	2.519	0.093	84.138	9.655	3.448	2.952	0.703	0.010974
1IMQ	chain	85	326	326	0.154	13.055	2.733	0.895	60.429	11.656	23.620	2.399	10.248	0.017712
1L2Y	chain	19	51	51	0.227	4.314	2.150	0.250	70.588	13.725	9.804	2.706	1.431	0.000000
1L8W_29-335	chain	306	1275	1275	0.118	36.196	2.264	1.818	52.000	2.510	43.765	1.619	32.977	0.002016
1NTI	chain	85	314	314	0.165	14.029	2.570	1.035	64.650	5.732	28.344	2.178	11.771	0.002704
1RYK	chain	68	220	220	0.103	7.009	2.652	0.435	74.091	9.091	13.636	2.655	3.800	0.010922
1T8J	chain	22	54	54	0.172	3.778	2.000	0.000	79.630	5.556	0.000	2.537	0.000	0.000000
1U5P	chain	210	782	676	0.050	10.526	2.616	0.450	78.698	2.959	14.053	2.475	8.780	0.002044
1VII	chain	35	108	108	0.138	4.824	2.722	0.222	77.778	12.963	7.407	3.028	1.685	0.007716
1W4G	chain	44	151	151	0.167	7.338	2.489	0.689	60.927	13.245	20.530	2.503	4.404	0.029630
1W4H	chain	44	142	142	0.162	7.148	2.444	0.578	64.789	12.676	18.310	2.585	4.190	0.025185
1W4J	chain	50	173	173	0.170	8.514	2.412	0.824	60.694	10.405	24.277	2.318	5.699	0.019608
2A3D	chain	72	238	238	0.106	7.643	2.795	0.356	81.513	4.202	10.924	2.660	4.731	0.009570
2PDD	chain	42	133	133	0.156	6.541	2.465	0.488	66.917	12.782	15.789	2.669	3.226	0.016766
2WXC	chain	46	139	139	0.139	6.396	2.383	0.468	67.626	12.950	15.827	2.662	3.482	0.013581
1C9O	chain	65	234	234	0.229	14.889	1.652	1.500	35.470	11.111	42.308	1.560	11.598	0.047980
1CSP	chain	66	242	242	0.224	14.810	1.672	1.567	35.537	10.744	43.388	1.545	11.798	0.046558
1E0L	chain	36	101	101	0.214	7.693	1.757	0.595	49.505	14.851	21.782	2.168	4.287	0.087655
1E0M	chain	36	111	111	0.196	7.045	2.054	0.595	49.550	18.919	19.820	2.450	3.495	0.087655
1FNF	chain	94	360	360	0.254	23.872	1.421	2.158	31.111	6.389	56.944	1.117	22.022	0.019834
1G6P	chain	65	270	270	0.231	15.037	1.818	1.924	34.074	10.370	47.037	1.489	12.311	0.043848
1HCD	chain	117	439	439	0.140	16.421	2.110	1.280	38.952	17.768	34.396	2.109	13.333	0.025639
1JIC	chain	61	185	185	0.107	6.508	2.097	0.548	55.135	15.135	18.378	2.395	2.973	0.046826
1JO8	chain	57	212	212	0.264	15.047	1.655	1.603	35.377	9.906	43.868	1.481	11.863	0.050535
1K8M	chain	86	315	315	0.249	21.384	1.552	1.966	36.825	6.032	54.286	1.238	19.879	0.010834
1K9Q_5-44	chain	39	112	112	0.217	8.446	1.800	0.675	49.107	15.179	24.107	2.188	5.170	0.075000
1M9S_391-466	chain	147	278	278	0.133	19.572	0.865	0.899	38.129	7.914	47.842	1.428	17.529	0.007807
1MJC	chain	68	247	247	0.219	14.907	1.681	1.580	36.032	10.931	44.130	1.567	12.486	0.043898
1PGB_41-56	chain	15	38	38	0.407	6.105	1.562	0.250	47.368	18.421	10.526	2.316	1.342	0.191406
1PIN_6-39	chain	33	97	97	0.238	7.845	1.735	0.735	44.330	16.495	25.773	2.113	4.474	0.103806
1PNJ	chain	83	279	277	0.216	17.921	1.679	1.464	44.404	6.498	44.404	1.509	16.130	0.015590
1QTU_1-109	chain	108	394	394	0.172	18.541	1.908	1.358	38.832	13.959	37.563	1.848	15.561	0.029459
1SHF	chain	58	211	211	0.236	13.706	1.712	1.475	38.389	9.479	41.232	1.550	10.948	0.057455
1SHG	chain	56	209	209	0.259	14.478	1.667	1.579	35.885	9.569	43.062	1.493	11.641	0.060942
1SRL	chain	55	205	205	0.267	14.707	1.661	1.536	35.610	9.756	41.951	1.473	11.312	0.060268
1TEN	chain	88	327	327	0.246	21.651	1.483	1.899	34.251	6.116	51.682	1.202	18.174	0.020326
1WIT	chain	92	397	397	0.283	26.018	1.591	2.462	30.479	6.801	57.683	1.154	23.854	0.015031
2VKN	chain	65	240	230	0.261	16.958	1.576	1.621	37.391	7.826	46.522	1.417	15.170	0.036731
3O49	chain	126	551	466	0.170	21.417	1.693	1.559	33.047	13.090	42.489	1.648	18.644	0.020894
3O4D	chain	126	569	458	0.185	23.285	1.661	1.504	32.969	13.100	41.703	1.633	18.055	0.020894
3PG0	chain	139	701	572	0.193	26.889	1.650	2.029	31.818	8.566	49.650	1.334	23.425	0.016582
1APS	chain	97	392	392	0.295	28.633	1.776	2.092	39.286	5.102	52.296	1.311	26.454	0.008330
1DIV_58-149	chain	98	350	350	0.179	17.551	2.051	1.354	50.857	7.143	38.286	1.814	15.429	0.010101
1DIV_1-56	chain	49	176	176	0.193	9.477	2.420	0.840	56.818	11.932	23.864	2.284	6.176	0.028000
1E0G	chain	47	157	157	0.285	13.414	2.000	1.125	53.503	7.643	34.395	1.860	10.936	0.021701
1FKB	chain	106	433	433	0.242	25.670	1.860	1.981	38.337	7.621	48.961	1.436	23.023	0.013713
1FTG	chain	167	677	677	0.113	18.910	2.167	1.774	47.858	5.908	44.018	1.651	16.953	0.003118
1J5U	chain	126	440	440	0.202	25.482	1.835	1.520	45.455	7.500	43.864	1.650	23.264	0.008184
1K0S	chain	150	548	548	0.159	23.911	1.927	1.497	42.518	10.584	41.241	1.739	21.620	0.013157
1LOP	chain	163	662	662	0.215	35.060	1.902	1.909	38.973	8.157	47.281	1.506	32.307	0.010708
1N88	chain	95	363	363	0.181	17.176	2.073	1.615	46.556	8.264	42.700	1.713	15.253	0.007595
1O6X	chain	80	259	259	0.211	16.884	1.975	1.148	53.668	8.108	35.907	1.907	14.772	0.007773
1PGB	chain	55	191	191	0.230	12.654	2.071	1.071	48.691	12.042	31.414	2.037	9.675	0.031888
1POH	chain	84	330	330	0.248	20.867	2.118	1.565	47.879	6.667	40.303	1.718	17.818	0.015225
1PRS_91-173	chain	82	355	355	0.236	19.366	1.892	2.169	35.493	8.732	50.704	1.414	17.130	0.017564
1PRS_1-90	chain	89	356	356	0.216	19.194	1.744	2.078	36.798	7.303	52.528	1.354	17.522	0.013704
1RFA	chain	77	275	275	0.233	17.949	1.897	1.385	45.091	8.727	39.273	1.695	15.178	0.026134
1RIS	chain	96	338	338	0.240	23.074	1.887	1.474	49.408	4.734	42.308	1.583	20.494	0.007333
1SPR	chain	102	365	365	0.147	14.948	2.058	1.136	46.027	12.055	32.055	1.953	11.693	0.029126
1UBQ	chain	75	251	251	0.212	15.869	1.961	1.132	49.402	9.960	34.263	1.900	12.841	0.015582
2ACY	chain	97	387	387	0.267	25.938	1.888	1.918	42.377	5.426	48.579	1.432	23.884	0.009475
2CI2	chain	64	209	209	0.235	15.019	1.769	1.385	47.847	7.177	43.062	1.675	13.191	0.007101
2PTL_18-77	chain	59	219	219	0.222	13.078	2.050	1.267	46.575	9.589	34.703	1.845	10.155	0.042222
1AUE	chain	91	320	320	0.085	7.700	2.815	0.543	75.625	5.312	15.625	2.541	4.894	0.008979
1BD8	chain	155	623	623	0.073	11.279	2.667	1.160	55.538	11.236	29.053	2.260	8.575	0.008342
1ENH	chain	53	152	152	0.098	5.171	2.500	0.222	82.237	6.579	7.895	2.750	2.132	0.014403
1ST7	chain	85	305	305	0.161	13.715	2.581	0.884	68.852	3.934	24.918	2.233	10.744	0.001487
1UZC	chain	68	232	232	0.150	10.216	2.464	0.826	67.672	5.603	24.569	2.241	7.802	0.007982
2A5E_9-156	chain	146	647	647	0.081	11.836	2.755	1.429	49.923	12.674	32.457	2.175	9.178	0.014392
2CRO	chain	64	228	228	0.142	9.057	2.708	0.585	65.789	11.404	16.667	2.544	6.000	0.021775
2LZM	chain	163	590	590	0.066	10.683	2.701	0.738	64.915	10.169	20.508	2.498	7.529	0.008142
2MYO	chain	117	443	443	0.082	9.634	2.720	0.881	61.174	11.287	23.476	2.415	6.858	0.011132
1EAL	chain	126	460	460	0.150	18.920	1.953	1.331	40.870	13.043	36.739	1.865	15.763	0.024986
1IFC	chain	130	2342	621	0.129	16.769	1.924	1.496	30.918	9.662	31.562	1.390	13.781	0.025115
1JQZ	chain	136	565	559	0.177	24.071	1.956	1.825	35.599	12.343	44.723	1.665	21.624	0.020566
1OPA	chain	132	497	497	0.172	22.670	1.857	1.541	38.833	10.865	41.247	1.670	19.141	0.021765
1TIU	chain	88	329	329	0.261	22.994	1.551	1.978	34.650	7.295	53.495	1.274	20.891	0.015150
1TTF	chain	93	295	295	0.181	16.834	1.404	1.564	38.305	6.441	49.831	1.298	15.024	0.016863
1AON_191-345	chain	154	645	645	0.195	30.076	2.161	1.877	43.256	8.682	45.116	1.674	28.133	0.006993
1BFE	chain	109	427	427	0.175	19.068	2.045	1.673	42.623	10.070	43.091	1.735	16.492	0.012397
1BTA	chain	88	348	348	0.174	15.302	2.449	1.292	54.310	8.333	33.046	2.017	12.336	0.011741
1CBI	chain	135	514	514	0.154	20.839	1.963	1.493	41.051	10.895	39.494	1.741	18.062	0.022275
1GM1	chain	93	363	363	0.238	22.110	1.883	1.915	39.945	8.815	49.587	1.548	20.421	0.005545
1GXT	chain	87	342	329	0.294	25.582	1.841	1.750	44.681	4.559	46.809	1.444	22.155	0.009168
1IGS_27-248	chain	221	874	874	0.106	23.405	2.270	1.577	50.114	7.551	40.046	1.824	21.264	0.003571
1JOO	chain	148	517	517	0.106	15.648	2.168	1.174	52.224	10.251	33.849	2.023	13.288	0.007567
1PHP_176-394	chain	173	694	694	0.131	22.601	2.132	1.776	48.127	5.331	44.524	1.625	20.801	0.003699
1PHP_1-175	chain	174	700	700	0.156	27.211	2.171	1.743	47.286	7.000	43.571	1.699	24.844	0.003951
1QOP	chain	266	1128	1101	0.110	29.382	2.315	1.727	51.226	4.905	41.871	1.725	27.434	0.002118
1RA9	chain	158	572	572	0.195	30.883	1.761	1.723	43.881	5.070	47.902	1.420	28.402	0.004944
1SCE	chain	96	234	234	0.098	9.380	1.856	0.505	67.949	8.974	20.940	2.308	6.897	0.004145
1V9E	chain	258	1089	1089	0.168	43.401	1.846	2.166	36.272	7.622	51.515	1.382	41.566	0.007334
2RN2	chain	154	625	625	0.191	29.426	2.135	1.806	47.680	5.280	44.800	1.614	27.539	0.004620
2VIK	chain	125	491	491	0.159	19.900	2.056	1.690	45.418	7.332	43.381	1.646	17.782	0.009385
3CHY	chain	127	471	471	0.108	13.667	2.273	1.312	54.565	7.219	35.669	1.928	11.032	0.004761
3H08	chain	143	620	551	0.176	25.126	1.979	1.667	45.554	6.171	43.557	1.608	22.962	0.005257
